3000
0.000000000000 -6.073179470485
0.005000000000 -5.589426033722
0.010000000000 -5.980038314148
0.015000000000 -5.979836326412
0.020000000000 -5.722480773852
0.025000000000 -4.725193994201
0.030000000000 -5.387422362411
0.035000000000 -6.076705136055
0.040000000000 -6.412292900131
0.045000000000 -6.561505136667
0.050000000000 -6.463643722306
0.055000000000 -7.209172913300
0.060000000000 -6.536774981643
0.065000000000 -6.110808161476
0.070000000000 -6.044243022056
0.075000000000 -5.773852765738
0.080000000000 -5.158615788373
0.085000000000 -6.201139407497
0.090000000000 -5.273086095343
0.095000000000 -6.171068703654
0.100000000000 -6.788565287104
0.105000000000 -6.282575425741
0.110000000000 -4.996040211245
0.115000000000 -6.243364774018
0.120000000000 -6.364175894731
0.125000000000 -6.592872761461
0.130000000000 -5.337179182753
0.135000000000 -6.583049309955
0.140000000000 -5.904756746285
0.145000000000 -5.149096180812
0.150000000000 -5.659226353885
0.155000000000 -5.690639668535
0.160000000000 -5.329951787312
0.165000000000 -6.861433451073
0.170000000000 -5.435396858520
0.175000000000 -6.250742670207
0.180000000000 -6.080907802007
0.185000000000 -5.552335475748
0.190000000000 -5.942490870835
0.195000000000 -5.988693553081
0.200000000000 -6.094709711114
0.205000000000 -5.338703427814
0.210000000000 -5.920434728469
0.215000000000 -5.923849910280
0.220000000000 -5.405638110806
0.225000000000 -5.441958865607
0.230000000000 -6.445141519744
0.235000000000 -4.797132961004
0.240000000000 -5.534511274885
0.245000000000 -5.192812316569
0.250000000000 -6.296807981430
0.255000000000 -6.348113623896
0.260000000000 -5.450920653878
0.265000000000 -6.744728941251
0.270000000000 -5.668771908357
0.275000000000 -6.555275043665
0.280000000000 -6.422580698979
0.285000000000 -6.230030295915
0.290000000000 -6.214444686388
0.295000000000 -6.269664376637
0.300000000000 -5.281345440823
0.305000000000 -5.581501743084
0.310000000000 -6.993129240015
0.315000000000 -5.957884998870
0.320000000000 -5.005812133473
0.325000000000 -5.905383654574
0.330000000000 -7.119947069550
0.335000000000 -4.517690687363
0.340000000000 -7.171577263521
0.345000000000 -7.280137586837
0.350000000000 -6.093144576726
0.355000000000 -5.295580403821
0.360000000000 -4.776639986313
0.365000000000 -6.643800832684
0.370000000000 -5.813804363025
0.375000000000 -6.092603702070
0.380000000000 -5.057756611477
0.385000000000 -5.366239995357
0.390000000000 -5.851802355357
0.395000000000 -5.995069749002
0.400000000000 -6.881979147833
0.405000000000 -5.132651625757
0.410000000000 -6.496920373349
0.415000000000 -6.389219521712
0.420000000000 -6.297627665819
0.425000000000 -4.652012915962
0.430000000000 -5.847537771443
0.435000000000 -7.084172471421
0.440000000000 -6.006475582350
0.445000000000 -5.846478680024
0.450000000000 -6.110970583805
0.455000000000 -6.568895747731
0.460000000000 -6.297049900045
0.465000000000 -5.853137994077
0.470000000000 -4.810915511348
0.475000000000 -5.860475626282
0.480000000000 -6.158436514397
0.485000000000 -5.463917432273
0.490000000000 -6.452841086302
0.495000000000 -5.546165912820
0.500000000000 -6.071558113358
0.505000000000 -5.611095890625
0.510000000000 -6.783230758066
0.515000000000 -6.186504340857
0.520000000000 -5.757649931927
0.525000000000 -6.089976219529
0.530000000000 -6.060582189238
0.535000000000 -6.447133295474
0.540000000000 -6.432634073433
0.545000000000 -6.162429356768
0.550000000000 -5.519437240092
0.555000000000 -5.520656138907
0.560000000000 -6.109267368708
0.565000000000 -6.946570720364
0.570000000000 -7.006412657865
0.575000000000 -5.913344035366
0.580000000000 -5.749245455962
0.585000000000 -6.460333202864
0.590000000000 -6.624536673739
0.595000000000 -6.980583554250
0.600000000000 -5.239440430941
0.605000000000 -5.327039994053
0.610000000000 -6.911156210057
0.615000000000 -5.844356000045
0.620000000000 -6.431605450819
0.625000000000 -6.107038792717
0.630000000000 -5.950282823998
0.635000000000 -5.741816835306
0.640000000000 -5.743621298695
0.645000000000 -5.644814528616
0.650000000000 -5.822030033334
0.655000000000 -6.425383046475
0.660000000000 -5.280457716755
0.665000000000 -6.327840791066
0.670000000000 -6.227021156109
0.675000000000 -6.229839966177
0.680000000000 -6.072579858170
0.685000000000 -6.074512192717
0.690000000000 -5.786838144881
0.695000000000 -6.746469144312
0.700000000000 -5.369166573842
0.705000000000 -5.654717302187
0.710000000000 -5.527794538770
0.715000000000 -5.931982912514
0.720000000000 -5.985681184955
0.725000000000 -4.710657671478
0.730000000000 -6.045738609951
0.735000000000 -6.077047035226
0.740000000000 -6.610210309479
0.745000000000 -5.851495636651
0.750000000000 -5.686058026205
0.755000000000 -5.809829690460
0.760000000000 -5.679216770813
0.765000000000 -5.776098287149
0.770000000000 -5.267724561938
0.775000000000 -5.524299615334
0.780000000000 -5.156687564569
0.785000000000 -6.129699450780
0.790000000000 -6.723171728845
0.795000000000 -6.305008681240
0.800000000000 -7.070270350278
0.805000000000 -5.237920236839
0.810000000000 -5.928288400271
0.815000000000 -6.100457346279
0.820000000000 -6.215955971384
0.825000000000 -4.944398020532
0.830000000000 -5.657755614542
0.835000000000 -6.019679439993
0.840000000000 -5.099828131556
0.845000000000 -6.025751597847
0.850000000000 -6.643960999511
0.855000000000 -6.047238128191
0.860000000000 -6.099910569045
0.865000000000 -5.801399029390
0.870000000000 -7.082264563800
0.875000000000 -6.646805374990
0.880000000000 -6.269384910775
0.885000000000 -4.687986898456
0.890000000000 -6.331003871056
0.895000000000 -6.536839420565
0.900000000000 -6.743813384495
0.905000000000 -5.557965316245
0.910000000000 -7.035921108804
0.915000000000 -5.742416332897
0.920000000000 -6.720856144018
0.925000000000 -5.346574386325
0.930000000000 -6.596378757071
0.935000000000 -6.563128383448
0.940000000000 -6.394302450644
0.945000000000 -7.150653003438
0.950000000000 -6.564464021423
0.955000000000 -6.587212359038
0.960000000000 -5.382203867353
0.965000000000 -5.936677859188
0.970000000000 -5.531603168787
0.975000000000 -5.264039412628
0.980000000000 -7.189987909224
0.985000000000 -7.022053387773
0.990000000000 -5.738403140859
0.995000000000 -6.877540195436
1.000000000000 -5.720322125497
1.005000000000 -5.095364507438
1.010000000000 -6.301675419555
1.015000000000 -6.286369838217
1.020000000000 -6.490277852126
1.025000000000 -5.875385337393
1.030000000000 -5.611235647907
1.035000000000 -6.826640374391
1.040000000000 -6.551821729035
1.045000000000 -5.663097183838
1.050000000000 -5.598269112527
1.055000000000 -5.949730756473
1.060000000000 -5.996723719579
1.065000000000 -6.623645307361
1.070000000000 -6.633984491972
1.075000000000 -5.418138334992
1.080000000000 -6.168585343132
1.085000000000 -5.637362444155
1.090000000000 -6.182928390785
1.095000000000 -5.550711508681
1.100000000000 -5.227460844203
1.105000000000 -6.403788590794
1.110000000000 -6.405951880735
1.115000000000 -6.214077447991
1.120000000000 -6.086304253321
1.125000000000 -6.375102193529
1.130000000000 -5.604784968020
1.135000000000 -6.929167285845
1.140000000000 -5.651242023237
1.145000000000 -6.706267251615
1.150000000000 -5.629442390188
1.155000000000 -5.312924939458
1.160000000000 -5.446965513192
1.165000000000 -5.791327623638
1.170000000000 -7.164267215095
1.175000000000 -5.895385761208
1.180000000000 -5.675958313583
1.185000000000 -6.456584008301
1.190000000000 -6.159885108907
1.195000000000 -5.547814851279
1.200000000000 -6.234157977542
1.205000000000 -6.350573636990
1.210000000000 -5.700796346479
1.215000000000 -6.173514624208
1.220000000000 -5.985841782344
1.225000000000 -5.813219705406
1.230000000000 -5.105328742422
1.235000000000 -6.608649650858
1.240000000000 -5.921307548758
1.245000000000 -6.178706719835
1.250000000000 -5.685228713805
1.255000000000 -4.891282896088
1.260000000000 -7.433348260728
1.265000000000 -5.085480005239
1.270000000000 -6.483691014251
1.275000000000 -6.383376713953
1.280000000000 -5.500495088397
1.285000000000 -7.206485487883
1.290000000000 -6.188124060319
1.295000000000 -6.675931393652
1.300000000000 -6.844975630199
1.305000000000 -4.530349789654
1.310000000000 -6.255936728703
1.315000000000 -4.433987850974
1.320000000000 -5.464125476539
1.325000000000 -5.284802860196
1.330000000000 -5.272583175941
1.335000000000 -5.100292715557
1.340000000000 -6.064585556274
1.345000000000 -6.169966425011
1.350000000000 -6.479285401918
1.355000000000 -6.096357830312
1.360000000000 -5.589786026449
1.365000000000 -6.424446703725
1.370000000000 -5.925808519653
1.375000000000 -5.289966349883
1.380000000000 -6.297843357728
1.385000000000 -6.388211475487
1.390000000000 -6.018463934426
1.395000000000 -6.810816529821
1.400000000000 -5.542185971145
1.405000000000 -6.553133823964
1.410000000000 -5.685629035619
1.415000000000 -7.708107946965
1.420000000000 -6.071525649126
1.425000000000 -5.507769036920
1.430000000000 -5.910305732184
1.435000000000 -5.926877331757
1.440000000000 -5.559072238310
1.445000000000 -5.041634510236
1.450000000000 -6.247058208314
1.455000000000 -6.178125615492
1.460000000000 -5.700835933378
1.465000000000 -6.535720879453
1.470000000000 -6.417330499603
1.475000000000 -5.570330991407
1.480000000000 -6.092582776301
1.485000000000 -6.186717525535
1.490000000000 -6.713787670100
1.495000000000 -5.336806481069
1.500000000000 -7.005805463902
1.505000000000 -6.507106462691
1.510000000000 -5.304734346966
1.515000000000 -5.458250693930
1.520000000000 -5.174337198178
1.525000000000 -5.599375853426
1.530000000000 -6.108639512491
1.535000000000 -5.649013822644
1.540000000000 -6.055760034274
1.545000000000 -5.760015570369
1.550000000000 -5.104279288782
1.555000000000 -5.611480404178
1.560000000000 -6.000057018441
1.565000000000 -5.500856904017
1.570000000000 -6.322796282453
1.575000000000 -6.116802694000
1.580000000000 -5.934430206464
1.585000000000 -6.523319646154
1.590000000000 -6.342452796016
1.595000000000 -5.391434163542
1.600000000000 -5.014464410355
1.605000000000 -6.314638655372
1.610000000000 -5.392864694270
1.615000000000 -6.571250426181
1.620000000000 -6.041988426820
1.625000000000 -5.732556433428
1.630000000000 -6.875740259110
1.635000000000 -4.921563169335
1.640000000000 -6.987426121245
1.645000000000 -5.759928505263
1.650000000000 -5.679801154658
1.655000000000 -6.112797926219
1.660000000000 -6.902713086869
1.665000000000 -5.526774846938
1.670000000000 -5.799312251577
1.675000000000 -6.658476087462
1.680000000000 -6.509904179423
1.685000000000 -6.256233604295
1.690000000000 -6.300906436824
1.695000000000 -6.402379848801
1.700000000000 -5.470484068731
1.705000000000 -6.631672197319
1.710000000000 -5.919111465721
1.715000000000 -5.243143662871
1.720000000000 -6.312885675530
1.725000000000 -5.853694877366
1.730000000000 -6.299291371836
1.735000000000 -5.808867863375
1.740000000000 -6.123757353310
1.745000000000 -5.337476353915
1.750000000000 -5.897773404896
1.755000000000 -5.674778667614
1.760000000000 -6.794797882222
1.765000000000 -6.431012426199
1.770000000000 -6.352743073335
1.775000000000 -7.552180359114
1.780000000000 -4.758180374738
1.785000000000 -4.859451602355
1.790000000000 -6.779417365904
1.795000000000 -6.416764526462
1.800000000000 -6.115110458387
1.805000000000 -6.081775529448
1.810000000000 -6.167644962540
1.815000000000 -5.241098428040
1.820000000000 -5.172099178766
1.825000000000 -4.729097830642
1.830000000000 -6.525631131859
1.835000000000 -5.688237014374
1.840000000000 -5.331091635532
1.845000000000 -5.695095115384
1.850000000000 -6.301112306745
1.855000000000 -7.026963868685
1.860000000000 -5.679521676798
1.865000000000 -6.049496967834
1.870000000000 -6.362530500735
1.875000000000 -5.930857936950
1.880000000000 -6.669761099344
1.885000000000 -6.511964023273
1.890000000000 -6.426881436851
1.895000000000 -5.607364638410
1.900000000000 -5.679331445573
1.905000000000 -6.429012673508
1.910000000000 -5.761389578750
1.915000000000 -4.958264007487
1.920000000000 -6.531180397198
1.925000000000 -6.926600805686
1.930000000000 -5.564813713934
1.935000000000 -7.245283020249
1.940000000000 -6.270560943039
1.945000000000 -5.568366723677
1.950000000000 -5.922266316727
1.955000000000 -6.551026429604
1.960000000000 -5.599559775533
1.965000000000 -7.329339821536
1.970000000000 -6.302395473710
1.975000000000 -5.287202896090
1.980000000000 -5.765408377780
1.985000000000 -6.283877902181
1.990000000000 -6.213264475252
1.995000000000 -6.496932752967
2.000000000000 -4.914600077611
2.005000000000 -6.737793078450
2.010000000000 -4.829375348677
2.015000000000 -5.949766613868
2.020000000000 -4.487575359218
2.025000000000 -6.527140905176
2.030000000000 -6.693455023700
2.035000000000 -5.422904770626
2.040000000000 -6.406729349992
2.045000000000 -6.705914846111
2.050000000000 -6.607160447806
2.055000000000 -5.888646807686
2.060000000000 -4.976780234524
2.065000000000 -4.921280620541
2.070000000000 -5.419255994959
2.075000000000 -6.706401991663
2.080000000000 -5.346981783136
2.085000000000 -6.798733899273
2.090000000000 -5.901713845525
2.095000000000 -5.239073510870
2.100000000000 -5.273442815266
2.105000000000 -6.304810010736
2.110000000000 -5.612094446419
2.115000000000 -5.987442834788
2.120000000000 -6.670142619173
2.125000000000 -5.646653061620
2.130000000000 -6.232768801872
2.135000000000 -5.444954715010
2.140000000000 -5.277204792977
2.145000000000 -6.322722367857
2.150000000000 -7.030643643555
2.155000000000 -6.397525833458
2.160000000000 -6.222831990707
2.165000000000 -6.344331468109
2.170000000000 -6.331038244002
2.175000000000 -5.669764980748
2.180000000000 -5.630393279803
2.185000000000 -6.341952335454
2.190000000000 -6.009103889546
2.195000000000 -6.151464080112
2.200000000000 -5.620235341220
2.205000000000 -6.794297492390
2.210000000000 -6.187935959440
2.215000000000 -5.192470653384
2.220000000000 -7.142000124024
2.225000000000 -6.598175106330
2.230000000000 -5.689877484593
2.235000000000 -6.388064034518
2.240000000000 -6.251878978504
2.245000000000 -5.956203759694
2.250000000000 -4.663568598285
2.255000000000 -6.281827407604
2.260000000000 -6.099058313376
2.265000000000 -5.667174213590
2.270000000000 -5.835867905325
2.275000000000 -5.517765828981
2.280000000000 -6.789447226013
2.285000000000 -6.199348986519
2.290000000000 -4.487708342619
2.295000000000 -6.477343189222
2.300000000000 -5.915091792300
2.305000000000 -6.597612605588
2.310000000000 -5.627904487991
2.315000000000 -6.103702539899
2.320000000000 -5.786654990405
2.325000000000 -6.761210800420
2.330000000000 -6.552539979470
2.335000000000 -6.135349588867
2.340000000000 -5.724472705951
2.345000000000 -6.235223379991
2.350000000000 -6.501868925322
2.355000000000 -5.618362812212
2.360000000000 -5.771343362534
2.365000000000 -5.956654375636
2.370000000000 -6.684971057408
2.375000000000 -5.841803646275
2.380000000000 -6.629566866478
2.385000000000 -6.553238930555
2.390000000000 -7.144833627038
2.395000000000 -5.673297022882
2.400000000000 -6.349753785146
2.405000000000 -6.301898894386
2.410000000000 -6.206552181392
2.415000000000 -6.215631197877
2.420000000000 -5.622219964612
2.425000000000 -6.405171798406
2.430000000000 -6.577020985265
2.435000000000 -5.676886648141
2.440000000000 -6.182250023905
2.445000000000 -6.223036291601
2.450000000000 -5.170372968351
2.455000000000 -5.710724095133
2.460000000000 -4.904109160859
2.465000000000 -6.297181671562
2.470000000000 -6.455782122278
2.475000000000 -5.919181194916
2.480000000000 -6.470981958354
2.485000000000 -5.426142071751
2.490000000000 -5.892037072928
2.495000000000 -6.018628352089
2.500000000000 -6.823388734386
2.505000000000 -6.238239103082
2.510000000000 -6.082700987295
2.515000000000 -6.972587760159
2.520000000000 -5.986066480380
2.525000000000 -8.249495804105
2.530000000000 -5.704056969495
2.535000000000 -7.139685342081
2.540000000000 -5.763689501087
2.545000000000 -5.436723882050
2.550000000000 -7.383844086844
2.555000000000 -6.357487208375
2.560000000000 -5.893128632797
2.565000000000 -5.336875096746
2.570000000000 -6.642570917176
2.575000000000 -5.505057280610
2.580000000000 -5.881372643338
2.585000000000 -6.103630863360
2.590000000000 -6.331872245637
2.595000000000 -6.489299684423
2.600000000000 -5.448210594871
2.605000000000 -6.995507552990
2.610000000000 -6.361549190244
2.615000000000 -6.499033638900
2.620000000000 -5.361896981353
2.625000000000 -6.846103170597
2.630000000000 -6.080857316143
2.635000000000 -6.207918772447
2.640000000000 -5.754777202080
2.645000000000 -6.579836434862
2.650000000000 -6.919637998690
2.655000000000 -6.581543420177
2.660000000000 -5.323809698568
2.665000000000 -6.153510422055
2.670000000000 -5.571380508506
2.675000000000 -5.786140176090
2.680000000000 -5.820511115370
2.685000000000 -7.341084139648
2.690000000000 -7.085821505942
2.695000000000 -6.771708168166
2.700000000000 -5.837096004051
2.705000000000 -5.100926083641
2.710000000000 -6.530060046026
2.715000000000 -5.580118834827
2.720000000000 -6.422270761856
2.725000000000 -7.333989548626
2.730000000000 -6.224111133251
2.735000000000 -5.544456982670
2.740000000000 -7.012021736365
2.745000000000 -5.783798477094
2.750000000000 -6.632968341112
2.755000000000 -6.928952577947
2.760000000000 -4.977732132503
2.765000000000 -6.273292578847
2.770000000000 -6.372581023990
2.775000000000 -6.016164793131
2.780000000000 -6.496932325716
2.785000000000 -6.101229539629
2.790000000000 -6.475620808917
2.795000000000 -6.714697187347
2.800000000000 -5.749006433350
2.805000000000 -6.527857317867
2.810000000000 -5.864249247743
2.815000000000 -5.823271270645
2.820000000000 -5.964845233116
2.825000000000 -6.123633925763
2.830000000000 -5.880929480684
2.835000000000 -6.666520169118
2.840000000000 -6.883285156611
2.845000000000 -6.539059763150
2.850000000000 -6.792423310623
2.855000000000 -5.212169648080
2.860000000000 -5.016156582307
2.865000000000 -4.809559579728
2.870000000000 -6.938684024264
2.875000000000 -5.751832521722
2.880000000000 -4.905471111017
2.885000000000 -5.644995938315
2.890000000000 -6.234531450512
2.895000000000 -6.055187455748
2.900000000000 -6.462942080578
2.905000000000 -6.178157415054
2.910000000000 -5.818418540375
2.915000000000 -5.790953675670
2.920000000000 -6.034565157579
2.925000000000 -6.449857302415
2.930000000000 -5.934851351736
2.935000000000 -4.199713997938
2.940000000000 -6.679352875710
2.945000000000 -6.405488714308
2.950000000000 -5.340173360938
2.955000000000 -6.668849711400
2.960000000000 -6.775601136398
2.965000000000 -5.253558479570
2.970000000000 -4.905066159464
2.975000000000 -6.631911606258
2.980000000000 -5.725385261680
2.985000000000 -6.529122028657
2.990000000000 -5.946278808566
2.995000000000 -5.970090578517
3.000000000000 -6.013336926272
3.005000000000 -6.260678245128
3.010000000000 -6.009419087388
3.015000000000 -4.866359437924
3.020000000000 -7.302416320107
3.025000000000 -7.132603436315
3.030000000000 -6.235948836426
3.035000000000 -5.637354165909
3.040000000000 -5.831656703872
3.045000000000 -6.005713530506
3.050000000000 -5.219907212745
3.055000000000 -6.355533631282
3.060000000000 -4.963294829536
3.065000000000 -5.407746074215
3.070000000000 -5.785579131781
3.075000000000 -5.766296148171
3.080000000000 -6.221992178855
3.085000000000 -5.582736172388
3.090000000000 -6.018654536267
3.095000000000 -5.950855364935
3.100000000000 -6.127449875814
3.105000000000 -6.666751893202
3.110000000000 -5.086263359892
3.115000000000 -6.125959056591
3.120000000000 -5.220222452012
3.125000000000 -5.825160944005
3.130000000000 -6.359762518417
3.135000000000 -6.355076847646
3.140000000000 -6.974298905696
3.145000000000 -6.385622891354
3.150000000000 -5.863907643049
3.155000000000 -6.023218031681
3.160000000000 -5.176911727078
3.165000000000 -6.061575303219
3.170000000000 -6.016066643018
3.175000000000 -4.996112552333
3.180000000000 -5.556419576902
3.185000000000 -5.244443035296
3.190000000000 -4.489011322931
3.195000000000 -6.540269803393
3.200000000000 -6.292490171652
3.205000000000 -6.686815282940
3.210000000000 -5.533060620534
3.215000000000 -6.008661659686
3.220000000000 -6.149576102751
3.225000000000 -7.247762121052
3.230000000000 -6.074176443094
3.235000000000 -6.761532298419
3.240000000000 -6.534582705437
3.245000000000 -4.427920898885
3.250000000000 -6.122651082809
3.255000000000 -6.693628560636
3.260000000000 -5.920252151736
3.265000000000 -5.953657722903
3.270000000000 -6.254746682344
3.275000000000 -6.410309874973
3.280000000000 -5.782060055086
3.285000000000 -5.821165466717
3.290000000000 -6.252368277690
3.295000000000 -6.084979220522
3.300000000000 -5.589701955550
3.305000000000 -6.465917376226
3.310000000000 -5.674086305939
3.315000000000 -5.589116747408
3.320000000000 -5.964176823461
3.325000000000 -5.957391873665
3.330000000000 -6.105069391216
3.335000000000 -4.984126626717
3.340000000000 -5.687726174805
3.345000000000 -4.864110296498
3.350000000000 -5.654878093029
3.355000000000 -6.295937373832
3.360000000000 -6.177885634084
3.365000000000 -6.240314379910
3.370000000000 -5.843530045842
3.375000000000 -5.609967457117
3.380000000000 -6.400070299123
3.385000000000 -5.526094283688
3.390000000000 -5.346950656354
3.395000000000 -5.131580073249
3.400000000000 -4.643140831532
3.405000000000 -6.080670121200
3.410000000000 -6.705894726321
3.415000000000 -4.598911559902
3.420000000000 -6.055225236843
3.425000000000 -5.988333718688
3.430000000000 -5.801604045921
3.435000000000 -6.866793735052
3.440000000000 -5.169665732553
3.445000000000 -6.957912031142
3.450000000000 -5.653569654343
3.455000000000 -7.026010347299
3.460000000000 -5.871496795820
3.465000000000 -5.415323711640
3.470000000000 -7.369757850542
3.475000000000 -5.751011094349
3.480000000000 -5.580637518507
3.485000000000 -6.151453502063
3.490000000000 -6.501183293012
3.495000000000 -5.383663524962
3.500000000000 -6.327238216362
3.505000000000 -5.834637121327
3.510000000000 -6.834243234868
3.515000000000 -7.103878705388
3.520000000000 -5.581413169047
3.525000000000 -5.764453270121
3.530000000000 -6.163276145112
3.535000000000 -6.215365378772
3.540000000000 -5.944372182406
3.545000000000 -5.467025307872
3.550000000000 -6.578389835067
3.555000000000 -4.579798155898
3.560000000000 -4.574723554032
3.565000000000 -6.174119370074
3.570000000000 -7.043508659308
3.575000000000 -5.966754278921
3.580000000000 -5.887937316692
3.585000000000 -5.659497400410
3.590000000000 -5.783680206978
3.595000000000 -5.989066341836
3.600000000000 -5.446199461112
3.605000000000 -6.290131967551
3.610000000000 -6.605522140599
3.615000000000 -6.783210586957
3.620000000000 -5.826552704663
3.625000000000 -6.162693499617
3.630000000000 -5.948993201250
3.635000000000 -5.535917197957
3.640000000000 -6.040985800561
3.645000000000 -6.001239378769
3.650000000000 -6.568748528132
3.655000000000 -5.741770329867
3.660000000000 -6.949141246746
3.665000000000 -5.999000369457
3.670000000000 -6.039908317628
3.675000000000 -5.755042284899
3.680000000000 -4.763945776210
3.685000000000 -4.898460261289
3.690000000000 -5.613908120032
3.695000000000 -5.901765811786
3.700000000000 -6.474970378750
3.705000000000 -6.234282854473
3.710000000000 -5.743869810389
3.715000000000 -4.968105116099
3.720000000000 -6.121241084906
3.725000000000 -4.986181687838
3.730000000000 -5.808164877841
3.735000000000 -5.639592550965
3.740000000000 -6.536764412975
3.745000000000 -7.227889772557
3.750000000000 -5.352457234214
3.755000000000 -6.215836877278
3.760000000000 -5.516134507501
3.765000000000 -6.025422950946
3.770000000000 -6.239730503225
3.775000000000 -4.999931915845
3.780000000000 -5.793139220398
3.785000000000 -5.765752827167
3.790000000000 -5.802876337976
3.795000000000 -5.898879890762
3.800000000000 -6.085727361652
3.805000000000 -6.972016810361
3.810000000000 -6.039173806623
3.815000000000 -5.840384658457
3.820000000000 -5.933377480615
3.825000000000 -5.406254886661
3.830000000000 -4.950086795362
3.835000000000 -6.106887550664
3.840000000000 -6.824129263197
3.845000000000 -6.915450986467
3.850000000000 -5.332316002381
3.855000000000 -5.855169331277
3.860000000000 -5.746569324509
3.865000000000 -5.565062752970
3.870000000000 -6.779438615874
3.875000000000 -5.663962442083
3.880000000000 -6.653136211502
3.885000000000 -5.687048646117
3.890000000000 -6.603942932479
3.895000000000 -5.599178891518
3.900000000000 -6.497534381819
3.905000000000 -5.602407403122
3.910000000000 -6.295330585024
3.915000000000 -5.642481301454
3.920000000000 -7.380162982200
3.925000000000 -5.596782665117
3.930000000000 -5.675722510318
3.935000000000 -5.706153933654
3.940000000000 -6.161445987922
3.945000000000 -5.696307057398
3.950000000000 -5.629227065474
3.955000000000 -6.314019099053
3.960000000000 -7.037817321340
3.965000000000 -6.141093992188
3.970000000000 -6.132678062856
3.975000000000 -6.493426726054
3.980000000000 -6.564888343945
3.985000000000 -6.521516999230
3.990000000000 -5.555923035525
3.995000000000 -6.881963728466
4.000000000000 -6.760587797652
4.005000000000 -6.591948410702
4.010000000000 -6.465974999977
4.015000000000 -5.563902844677
4.020000000000 -5.467036841795
4.025000000000 -6.965108814996
4.030000000000 -5.568398262893
4.035000000000 -5.682012085661
4.040000000000 -5.868902629532
4.045000000000 -6.018237975107
4.050000000000 -5.554194112873
4.055000000000 -5.637744456622
4.060000000000 -6.692900550166
4.065000000000 -6.742129595927
4.070000000000 -6.394389651704
4.075000000000 -5.757722980700
4.080000000000 -5.987815287075
4.085000000000 -5.793203839440
4.090000000000 -6.310093702031
4.095000000000 -4.976593361565
4.100000000000 -7.041922589156
4.105000000000 -6.953402532910
4.110000000000 -5.002922020075
4.115000000000 -5.775520898971
4.120000000000 -7.146467761189
4.125000000000 -6.061175316752
4.130000000000 -6.364890492100
4.135000000000 -6.052502161586
4.140000000000 -5.988322941446
4.145000000000 -5.948888359482
4.150000000000 -5.568698306331
4.155000000000 -6.740364913125
4.160000000000 -4.306734598853
4.165000000000 -6.571118880221
4.170000000000 -5.099853164506
4.175000000000 -6.056925960183
4.180000000000 -6.390833529599
4.185000000000 -6.284705646011
4.190000000000 -5.537095466566
4.195000000000 -5.992844359791
4.200000000000 -6.269092919020
4.205000000000 -5.737232476365
4.210000000000 -6.252417290595
4.215000000000 -5.600113710935
4.220000000000 -7.007162896408
4.225000000000 -6.167802474643
4.230000000000 -6.725161444987
4.235000000000 -5.641084676950
4.240000000000 -6.966905503652
4.245000000000 -5.605766863055
4.250000000000 -5.909515579264
4.255000000000 -6.559818490599
4.260000000000 -7.135633819416
4.265000000000 -6.421777211126
4.270000000000 -5.640758431164
4.275000000000 -6.448852998932
4.280000000000 -5.092142394535
4.285000000000 -5.479618512068
4.290000000000 -5.150743205236
4.295000000000 -5.494505659268
4.300000000000 -6.051641741322
4.305000000000 -7.681170661405
4.310000000000 -6.344072835687
4.315000000000 -5.306669873517
4.320000000000 -5.623184755183
4.325000000000 -6.497765998540
4.330000000000 -5.864474637966
4.335000000000 -6.416044867634
4.340000000000 -6.254138547672
4.345000000000 -6.624168774232
4.350000000000 -4.922559708400
4.355000000000 -6.951577145889
4.360000000000 -6.781072735571
4.365000000000 -6.321866197978
4.370000000000 -6.205844650394
4.375000000000 -6.116373434608
4.380000000000 -4.586252779779
4.385000000000 -4.943767812604
4.390000000000 -7.000283382854
4.395000000000 -5.449932720320
4.400000000000 -5.497583882783
4.405000000000 -5.645019525210
4.410000000000 -6.281922548125
4.415000000000 -6.840491657658
4.420000000000 -6.668883447658
4.425000000000 -5.863592597128
4.430000000000 -5.494824338100
4.435000000000 -6.091604712968
4.440000000000 -6.219381433120
4.445000000000 -5.213305698904
4.450000000000 -7.294481659485
4.455000000000 -6.672742004564
4.460000000000 -6.147803627491
4.465000000000 -5.236905951222
4.470000000000 -5.917695110465
4.475000000000 -5.625510619036
4.480000000000 -6.799024243870
4.485000000000 -5.719161769244
4.490000000000 -5.522741352922
4.495000000000 -6.647267779333
4.500000000000 -6.905037502921
4.505000000000 -6.304079707650
4.510000000000 -6.659492336856
4.515000000000 -5.066627660846
4.520000000000 -5.583012445059
4.525000000000 -6.156075417935
4.530000000000 -5.573495439135
4.535000000000 -5.940363233978
4.540000000000 -6.588489168662
4.545000000000 -6.230593829703
4.550000000000 -5.641898322152
4.555000000000 -5.505319083704
4.560000000000 -6.324321301018
4.565000000000 -6.476968869881
4.570000000000 -5.208119265270
4.575000000000 -6.021425042907
4.580000000000 -4.945701748123
4.585000000000 -6.100444693528
4.590000000000 -5.660168392347
4.595000000000 -5.739864947397
4.600000000000 -6.564874329109
4.605000000000 -5.518160065307
4.610000000000 -6.056895323108
4.615000000000 -6.112070437032
4.620000000000 -5.988081559326
4.625000000000 -6.410157490634
4.630000000000 -6.408008238037
4.635000000000 -4.781973319547
4.640000000000 -6.394855339625
4.645000000000 -5.303213842563
4.650000000000 -5.784261907489
4.655000000000 -5.882791109379
4.660000000000 -5.368742504087
4.665000000000 -5.932645084081
4.670000000000 -5.670677702811
4.675000000000 -5.815792527560
4.680000000000 -4.978996029357
4.685000000000 -4.922371031233
4.690000000000 -6.208572072449
4.695000000000 -6.231058715064
4.700000000000 -6.910648361464
4.705000000000 -5.588576759034
4.710000000000 -5.237838524887
4.715000000000 -6.576328856853
4.720000000000 -4.967768173165
4.725000000000 -4.766265426545
4.730000000000 -6.273458743320
4.735000000000 -5.800621689271
4.740000000000 -5.765283463543
4.745000000000 -6.419972476285
4.750000000000 -5.343128775711
4.755000000000 -6.714787454398
4.760000000000 -5.131811158718
4.765000000000 -5.613805569321
4.770000000000 -6.440648077425
4.775000000000 -5.461635034516
4.780000000000 -5.857126965954
4.785000000000 -5.584634538108
4.790000000000 -5.653316848521
4.795000000000 -6.543238016239
4.800000000000 -5.804498882532
4.805000000000 -6.821928970607
4.810000000000 -5.902600689947
4.815000000000 -6.324679681517
4.820000000000 -5.655590742707
4.825000000000 -5.882713334614
4.830000000000 -5.860838338115
4.835000000000 -5.109610083763
4.840000000000 -6.342280563176
4.845000000000 -5.770061320001
4.850000000000 -6.449880455925
4.855000000000 -6.784550101398
4.860000000000 -5.595963578601
4.865000000000 -5.357440530264
4.870000000000 -5.845944320549
4.875000000000 -6.948620618066
4.880000000000 -6.740483240983
4.885000000000 -6.007950812609
4.890000000000 -5.771726472373
4.895000000000 -6.285233866794
4.900000000000 -5.488980850863
4.905000000000 -5.479355494096
4.910000000000 -6.555203610226
4.915000000000 -5.795556235875
4.920000000000 -6.341792498301
4.925000000000 -5.595975896963
4.930000000000 -5.401878040263
4.935000000000 -5.205977485507
4.940000000000 -6.382149083999
4.945000000000 -6.845299359678
4.950000000000 -6.434752922702
4.955000000000 -6.045137295766
4.960000000000 -6.080431635484
4.965000000000 -5.461519284132
4.970000000000 -7.207786244285
4.975000000000 -6.110268557476
4.980000000000 -6.192403398452
4.985000000000 -6.703646819206
4.990000000000 -5.554088504007
4.995000000000 -5.926520518819
5.000000000000 -5.697948658449
5.005000000000 -5.332282586495
5.010000000000 -6.476900838617
5.015000000000 -6.018069837455
5.020000000000 -5.642430277887
5.025000000000 -6.493753119758
5.030000000000 -5.853843543298
5.035000000000 -5.744357795000
5.040000000000 -6.513680655815
5.045000000000 -5.649559044437
5.050000000000 -6.266485773186
5.055000000000 -5.620384596385
5.060000000000 -6.886097162733
5.065000000000 -5.907292806975
5.070000000000 -6.464315395108
5.075000000000 -5.658075750461
5.080000000000 -6.271939100234
5.085000000000 -5.160809981066
5.090000000000 -6.288283089626
5.095000000000 -6.227265672902
5.100000000000 -5.818433562411
5.105000000000 -6.530588601291
5.110000000000 -5.773236598049
5.115000000000 -6.016315300642
5.120000000000 -6.129828692996
5.125000000000 -5.762843197417
5.130000000000 -6.115719993731
5.135000000000 -6.417144988278
5.140000000000 -5.132308083548
5.145000000000 -5.476860029498
5.150000000000 -6.578237204360
5.155000000000 -6.388838735467
5.160000000000 -5.427463815743
5.165000000000 -6.069744565364
5.170000000000 -5.592241507819
5.175000000000 -6.119961879785
5.180000000000 -5.661656622013
5.185000000000 -6.305946215983
5.190000000000 -5.769881938837
5.195000000000 -5.230520927416
5.200000000000 -5.917146624295
5.205000000000 -5.873633252000
5.210000000000 -6.214013004910
5.215000000000 -6.528590974741
5.220000000000 -5.834247645812
5.225000000000 -5.348676396523
5.230000000000 -5.496692997049
5.235000000000 -5.851348364072
5.240000000000 -5.567717839919
5.245000000000 -6.674650398564
5.250000000000 -5.631095488847
5.255000000000 -5.660734701313
5.260000000000 -5.746025830554
5.265000000000 -5.663430121714
5.270000000000 -6.491411829306
5.275000000000 -5.499815958981
5.280000000000 -6.306241603561
5.285000000000 -5.573043466649
5.290000000000 -5.377414087268
5.295000000000 -5.784711675125
5.300000000000 -7.068075940951
5.305000000000 -6.508831367682
5.310000000000 -5.718713283072
5.315000000000 -5.118604634664
5.320000000000 -5.935564413701
5.325000000000 -6.608021060515
5.330000000000 -5.388827901096
5.335000000000 -6.592806998612
5.340000000000 -5.605657128338
5.345000000000 -6.251303437341
5.350000000000 -5.762114521724
5.355000000000 -4.669764722485
5.360000000000 -6.478046996588
5.365000000000 -5.903558523535
5.370000000000 -4.442736903479
5.375000000000 -6.217411016706
5.380000000000 -5.880894222371
5.385000000000 -6.312716508468
5.390000000000 -6.424555251580
5.395000000000 -5.355221079446
5.400000000000 -5.552493599082
5.405000000000 -7.755620506305
5.410000000000 -6.425288822330
5.415000000000 -5.657515039610
5.420000000000 -5.878975483659
5.425000000000 -6.923298383570
5.430000000000 -5.939717269425
5.435000000000 -6.218128075123
5.440000000000 -4.490743936903
5.445000000000 -7.057151546546
5.450000000000 -6.246988330663
5.455000000000 -6.129064097798
5.460000000000 -5.657967031654
5.465000000000 -6.140450452494
5.470000000000 -4.859147148220
5.475000000000 -6.515478316529
5.480000000000 -5.936919369706
5.485000000000 -5.981712719868
5.490000000000 -6.138571078911
5.495000000000 -5.530950223726
5.500000000000 -6.560247010985
5.505000000000 -7.742395216978
5.510000000000 -5.903778053445
5.515000000000 -5.716867572574
5.520000000000 -4.928527320739
5.525000000000 -6.528911821601
5.530000000000 -6.881236393932
5.535000000000 -5.087971775927
5.540000000000 -7.254481492330
5.545000000000 -5.869102218817
5.550000000000 -6.083046924295
5.555000000000 -5.288249018759
5.560000000000 -6.478083083774
5.565000000000 -6.462174331213
5.570000000000 -5.783298543069
5.575000000000 -6.676171968357
5.580000000000 -5.634905839245
5.585000000000 -5.733358919855
5.590000000000 -6.098462352016
5.595000000000 -5.201613098560
5.600000000000 -5.834645041916
5.605000000000 -6.202686543991
5.610000000000 -6.671245297668
5.615000000000 -5.768686274801
5.620000000000 -6.723059615835
5.625000000000 -5.550083742837
5.630000000000 -5.527439349492
5.635000000000 -5.783559143840
5.640000000000 -4.571242612244
5.645000000000 -5.800518034072
5.650000000000 -5.743495276479
5.655000000000 -6.822681505593
5.660000000000 -6.653503113285
5.665000000000 -5.242839201362
5.670000000000 -6.430157673540
5.675000000000 -5.950218619779
5.680000000000 -6.023437641444
5.685000000000 -5.686724861306
5.690000000000 -7.503047089590
5.695000000000 -5.347943581540
5.700000000000 -6.385030591417
5.705000000000 -6.986743766465
5.710000000000 -7.006325141844
5.715000000000 -5.975162858075
5.720000000000 -6.904528233051
5.725000000000 -5.663773863424
5.730000000000 -6.551445790999
5.735000000000 -6.083267629824
5.740000000000 -5.535829475492
5.745000000000 -6.219881602590
5.750000000000 -5.777706001142
5.755000000000 -5.966152664162
5.760000000000 -5.702228133171
5.765000000000 -5.229700969307
5.770000000000 -5.979261762227
5.775000000000 -6.791798103555
5.780000000000 -6.159920515087
5.785000000000 -6.450720606914
5.790000000000 -5.953466174431
5.795000000000 -6.779462771691
5.800000000000 -7.187545936878
5.805000000000 -6.103238017566
5.810000000000 -6.778323431117
5.815000000000 -6.047682596298
5.820000000000 -6.504286989174
5.825000000000 -6.160726260234
5.830000000000 -6.295323919054
5.835000000000 -5.810723466460
5.840000000000 -5.435946994371
5.845000000000 -5.080007796971
5.850000000000 -6.620150552594
5.855000000000 -6.094235463509
5.860000000000 -6.915979455249
5.865000000000 -5.939691680904
5.870000000000 -6.754163149473
5.875000000000 -5.697596241714
5.880000000000 -5.621706143199
5.885000000000 -5.932248235189
5.890000000000 -5.007924288438
5.895000000000 -6.270138699397
5.900000000000 -5.252335011154
5.905000000000 -6.417908285003
5.910000000000 -7.010383357457
5.915000000000 -6.883937687037
5.920000000000 -6.491095338647
5.925000000000 -5.593995949725
5.930000000000 -6.738087890735
5.935000000000 -5.777859744270
5.940000000000 -4.878734417276
5.945000000000 -5.524928527799
5.950000000000 -6.061137686144
5.955000000000 -5.853509154587
5.960000000000 -5.636738267869
5.965000000000 -6.241902213631
5.970000000000 -6.875716704257
5.975000000000 -5.380205136264
5.980000000000 -6.025494009941
5.985000000000 -5.034302678997
5.990000000000 -4.967591763320
5.995000000000 -5.644037493580
6.000000000000 -5.628093628379
6.005000000000 -5.851270393063
6.010000000000 -5.936664352138
6.015000000000 -6.333444631891
6.020000000000 -6.156551938570
6.025000000000 -5.416328349660
6.030000000000 -5.696295793630
6.035000000000 -5.534336120763
6.040000000000 -7.226398639038
6.045000000000 -6.556665706704
6.050000000000 -5.200277214661
6.055000000000 -6.178091819401
6.060000000000 -6.448225080653
6.065000000000 -5.753995132570
6.070000000000 -5.848147823025
6.075000000000 -5.973434247317
6.080000000000 -6.897658107259
6.085000000000 -6.779438124141
6.090000000000 -5.342213144927
6.095000000000 -7.103406513158
6.100000000000 -5.494754992999
6.105000000000 -6.205662826843
6.110000000000 -5.767695448305
6.115000000000 -5.731994481930
6.120000000000 -4.660929559590
6.125000000000 -6.552508093231
6.130000000000 -5.564796598302
6.135000000000 -5.538085001000
6.140000000000 -6.378404921308
6.145000000000 -6.494525673279
6.150000000000 -5.573228147271
6.155000000000 -6.048095094316
6.160000000000 -5.464800193347
6.165000000000 -5.961133668042
6.170000000000 -6.818056954079
6.175000000000 -7.301721670681
6.180000000000 -6.341887362064
6.185000000000 -5.091910291370
6.190000000000 -5.529958537338
6.195000000000 -6.012394808715
6.200000000000 -7.063487909857
6.205000000000 -5.543056850683
6.210000000000 -6.686442134801
6.215000000000 -4.669007196185
6.220000000000 -6.778193208494
6.225000000000 -6.141284245300
6.230000000000 -6.496034883065
6.235000000000 -6.262059141115
6.240000000000 -6.109928730118
6.245000000000 -6.040131282157
6.250000000000 -7.040616683049
6.255000000000 -6.755253686657
6.260000000000 -6.286958228766
6.265000000000 -6.094479561963
6.270000000000 -6.136692176292
6.275000000000 -6.146382168850
6.280000000000 -5.963700154412
6.285000000000 -6.088334936790
6.290000000000 -6.086854980056
6.295000000000 -6.056313472470
6.300000000000 -5.364025524557
6.305000000000 -6.847750319657
6.310000000000 -5.482372969227
6.315000000000 -5.865444966605
6.320000000000 -5.794613364867
6.325000000000 -6.036316870185
6.330000000000 -6.179269617296
6.335000000000 -6.549219719128
6.340000000000 -6.388799101058
6.345000000000 -6.122425964113
6.350000000000 -5.400881938348
6.355000000000 -6.384660228398
6.360000000000 -5.425094563390
6.365000000000 -5.654799571814
6.370000000000 -6.328140601765
6.375000000000 -5.167604651377
6.380000000000 -5.581206348931
6.385000000000 -5.849753712478
6.390000000000 -6.812827648717
6.395000000000 -5.753876781855
6.400000000000 -5.728487455090
6.405000000000 -6.739518222742
6.410000000000 -5.049648379107
6.415000000000 -5.324442699757
6.420000000000 -5.978534582712
6.425000000000 -6.154222279748
6.430000000000 -5.325121495826
6.435000000000 -5.678156597559
6.440000000000 -5.975946427714
6.445000000000 -7.221697429081
6.450000000000 -5.511799543603
6.455000000000 -5.515626119774
6.460000000000 -7.035133610115
6.465000000000 -6.058763283484
6.470000000000 -7.236444723598
6.475000000000 -5.698874202415
6.480000000000 -5.558670513249
6.485000000000 -5.992595049707
6.490000000000 -5.880565170290
6.495000000000 -6.475528366365
6.500000000000 -6.000998079429
6.505000000000 -5.244715229811
6.510000000000 -5.241080621430
6.515000000000 -5.946264102689
6.520000000000 -6.745435551098
6.525000000000 -6.475752841232
6.530000000000 -7.483969006155
6.535000000000 -5.786506466076
6.540000000000 -6.106685877872
6.545000000000 -6.645969771421
6.550000000000 -5.704851038512
6.555000000000 -6.844606483668
6.560000000000 -5.517200988531
6.565000000000 -7.398741919840
6.570000000000 -6.728499173813
6.575000000000 -6.566448427865
6.580000000000 -6.135088220952
6.585000000000 -5.730779522462
6.590000000000 -5.720473194852
6.595000000000 -6.724033411412
6.600000000000 -6.736127158626
6.605000000000 -5.727912922402
6.610000000000 -6.685790875027
6.615000000000 -5.456575929282
6.620000000000 -5.358017328454
6.625000000000 -6.762415108179
6.630000000000 -6.178010444311
6.635000000000 -6.924119907167
6.640000000000 -6.232308325903
6.645000000000 -5.374254918582
6.650000000000 -5.954492015401
6.655000000000 -6.380308314457
6.660000000000 -6.933736809318
6.665000000000 -5.987111778137
6.670000000000 -5.727771499537
6.675000000000 -5.915137779092
6.680000000000 -6.017306096400
6.685000000000 -6.300215924092
6.690000000000 -5.715408943212
6.695000000000 -6.204534264548
6.700000000000 -5.520676880313
6.705000000000 -5.719907338419
6.710000000000 -6.507621419204
6.715000000000 -7.057753909237
6.720000000000 -6.256752708013
6.725000000000 -6.063030492127
6.730000000000 -5.598647713980
6.735000000000 -6.412047572917
6.740000000000 -5.879373390759
6.745000000000 -6.270858640192
6.750000000000 -6.635918788664
6.755000000000 -6.983002475998
6.760000000000 -6.299842385661
6.765000000000 -5.724509013977
6.770000000000 -5.871838805115
6.775000000000 -6.186255561635
6.780000000000 -6.184649290276
6.785000000000 -5.921010450752
6.790000000000 -5.568875724545
6.795000000000 -6.390012916683
6.800000000000 -6.657726164936
6.805000000000 -5.949951239090
6.810000000000 -6.200692975517
6.815000000000 -5.429098038567
6.820000000000 -5.814541713340
6.825000000000 -5.726469354104
6.830000000000 -6.748465974491
6.835000000000 -6.194202577690
6.840000000000 -7.024505494951
6.845000000000 -5.248246303252
6.850000000000 -6.260265688291
6.855000000000 -5.588605753640
6.860000000000 -6.418322562591
6.865000000000 -6.969208170097
6.870000000000 -5.884005210838
6.875000000000 -5.851916366368
6.880000000000 -5.589629864430
6.885000000000 -5.278066123879
6.890000000000 -6.617522369391
6.895000000000 -6.418007996414
6.900000000000 -6.476517654872
6.905000000000 -5.643019411927
6.910000000000 -5.546855897672
6.915000000000 -4.767525613680
6.920000000000 -5.737401670853
6.925000000000 -5.397139444719
6.930000000000 -5.099272329605
6.935000000000 -6.226689793776
6.940000000000 -6.613639002289
6.945000000000 -5.713119414245
6.950000000000 -6.127367582783
6.955000000000 -5.763577770811
6.960000000000 -6.584025794452
6.965000000000 -5.573802637145
6.970000000000 -6.891279706564
6.975000000000 -6.216681867789
6.980000000000 -5.825446319776
6.985000000000 -5.984926749121
6.990000000000 -6.315757613112
6.995000000000 -6.435827546402
7.000000000000 -5.198586325908
7.005000000000 -7.007930511351
7.010000000000 -6.355666355954
7.015000000000 -6.441315407460
7.020000000000 -5.526010693387
7.025000000000 -5.266465431481
7.030000000000 -6.450435915719
7.035000000000 -5.741247276177
7.040000000000 -5.700474571990
7.045000000000 -5.735428513889
7.050000000000 -6.204854406415
7.055000000000 -5.268748510932
7.060000000000 -7.086191103385
7.065000000000 -6.283612193908
7.070000000000 -6.823162826968
7.075000000000 -6.720839627270
7.080000000000 -6.666853154396
7.085000000000 -5.201248511817
7.090000000000 -6.518095374978
7.095000000000 -7.662525478274
7.100000000000 -5.474748620688
7.105000000000 -6.723076449875
7.110000000000 -4.732782461892
7.115000000000 -4.472432681837
7.120000000000 -6.449235146525
7.125000000000 -6.007846858000
7.130000000000 -6.121588131558
7.135000000000 -6.436996016927
7.140000000000 -5.082724653906
7.145000000000 -5.535672590456
7.150000000000 -5.192663291601
7.155000000000 -5.736992203868
7.160000000000 -5.430483638106
7.165000000000 -6.241697591572
7.170000000000 -6.636082167689
7.175000000000 -5.695909669613
7.180000000000 -5.892515984221
7.185000000000 -6.406035031391
7.190000000000 -5.889714338784
7.195000000000 -6.301256166059
7.200000000000 -6.418952507281
7.205000000000 -5.440657069477
7.210000000000 -6.476495791988
7.215000000000 -5.942194552964
7.220000000000 -5.544110900098
7.225000000000 -6.284126631441
7.230000000000 -5.846209976372
7.235000000000 -6.494219084122
7.240000000000 -5.692470667260
7.245000000000 -5.407670830449
7.250000000000 -6.029336085692
7.255000000000 -6.920016488664
7.260000000000 -5.423017561768
7.265000000000 -5.968160653039
7.270000000000 -5.272846491157
7.275000000000 -5.990260217533
7.280000000000 -5.606276069429
7.285000000000 -5.444596340301
7.290000000000 -6.150106418941
7.295000000000 -6.744802489975
7.300000000000 -6.168748833474
7.305000000000 -5.974639479730
7.310000000000 -6.606796899920
7.315000000000 -4.772933097988
7.320000000000 -6.325644804001
7.325000000000 -6.779153175526
7.330000000000 -6.057746513855
7.335000000000 -6.200923569348
7.340000000000 -5.625880286441
7.345000000000 -6.029156751639
7.350000000000 -5.606293926653
7.355000000000 -6.654688078627
7.360000000000 -6.636986663569
7.365000000000 -6.638482907132
7.370000000000 -6.754470613891
7.375000000000 -6.605094572197
7.380000000000 -5.982731470302
7.385000000000 -6.016221724904
7.390000000000 -6.242065438797
7.395000000000 -6.937255404543
7.400000000000 -6.345618798846
7.405000000000 -6.647663826726
7.410000000000 -6.728097646350
7.415000000000 -6.582202266847
7.420000000000 -7.014491641082
7.425000000000 -6.733028726819
7.430000000000 -5.500927724238
7.435000000000 -5.318904953330
7.440000000000 -6.466124404147
7.445000000000 -5.398898474120
7.450000000000 -6.577973370469
7.455000000000 -5.832549168074
7.460000000000 -5.968273546801
7.465000000000 -5.114050302811
7.470000000000 -5.743316089564
7.475000000000 -6.141058199821
7.480000000000 -4.875282495300
7.485000000000 -5.905579925951
7.490000000000 -6.244577845247
7.495000000000 -5.762644015810
7.500000000000 -6.002882141639
7.505000000000 -5.458556874764
7.510000000000 -5.613614372441
7.515000000000 -7.093696314676
7.520000000000 -6.214204914885
7.525000000000 -5.737053646001
7.530000000000 -6.576208917453
7.535000000000 -5.518251740639
7.540000000000 -6.299656168967
7.545000000000 -5.619822063324
7.550000000000 -7.375633227846
7.555000000000 -6.557820595320
7.560000000000 -5.939256471654
7.565000000000 -5.604499417862
7.570000000000 -5.286421848214
7.575000000000 -5.740147600367
7.580000000000 -6.361062867642
7.585000000000 -5.897129013921
7.590000000000 -6.057876937457
7.595000000000 -6.232843272447
7.600000000000 -6.328226723834
7.605000000000 -6.070649568729
7.610000000000 -5.454243678597
7.615000000000 -5.928929464942
7.620000000000 -5.987421496589
7.625000000000 -5.061471672911
7.630000000000 -6.477191543983
7.635000000000 -5.956474632245
7.640000000000 -5.614113778553
7.645000000000 -4.620324069810
7.650000000000 -5.199555523665
7.655000000000 -5.398729879172
7.660000000000 -5.976345399695
7.665000000000 -6.694576229783
7.670000000000 -7.235675420102
7.675000000000 -5.947532502862
7.680000000000 -6.464396185993
7.685000000000 -6.220767393759
7.690000000000 -6.015055165644
7.695000000000 -6.813145702652
7.700000000000 -6.312759961657
7.705000000000 -6.428375136742
7.710000000000 -6.729993273421
7.715000000000 -5.308144284406
7.720000000000 -5.118348009198
7.725000000000 -5.741020383692
7.730000000000 -7.297189202756
7.735000000000 -5.592944037911
7.740000000000 -8.009218129532
7.745000000000 -6.046655947562
7.750000000000 -6.528330571180
7.755000000000 -6.007557335419
7.760000000000 -5.524696347149
7.765000000000 -5.715338047002
7.770000000000 -5.935865873698
7.775000000000 -5.484757005362
7.780000000000 -5.619863030738
7.785000000000 -6.406604372022
7.790000000000 -6.306747438787
7.795000000000 -6.593175648545
7.800000000000 -6.569598810570
7.805000000000 -5.494691244988
7.810000000000 -6.714487825833
7.815000000000 -6.662450444823
7.820000000000 -5.929249708347
7.825000000000 -6.020295343006
7.830000000000 -5.829292120329
7.835000000000 -5.119272667096
7.840000000000 -5.771183388455
7.845000000000 -5.575178890391
7.850000000000 -5.903714938869
7.855000000000 -6.918413440565
7.860000000000 -6.359708483385
7.865000000000 -5.683561401793
7.870000000000 -5.275216311917
7.875000000000 -5.185928001836
7.880000000000 -6.553228874125
7.885000000000 -5.464366371874
7.890000000000 -6.686178525680
7.895000000000 -4.928363248090
7.900000000000 -5.816395588810
7.905000000000 -5.956046244008
7.910000000000 -6.477794468070
7.915000000000 -6.605500345784
7.920000000000 -5.805791540785
7.925000000000 -6.268676671341
7.930000000000 -7.250189017314
7.935000000000 -4.797921638277
7.940000000000 -5.984944431256
7.945000000000 -5.391209679760
7.950000000000 -6.004383078417
7.955000000000 -5.120727335936
7.960000000000 -6.169430112297
7.965000000000 -6.249206696366
7.970000000000 -6.201727459224
7.975000000000 -5.508451672722
7.980000000000 -5.665748678684
7.985000000000 -5.876415989516
7.990000000000 -5.639614825793
7.995000000000 -6.557644361322
8.000000000000 -5.649058932599
8.005000000000 -5.770131380155
8.010000000000 -6.625334419553
8.015000000000 -5.700889585043
8.020000000000 -5.640508570422
8.025000000000 -5.908277010927
8.030000000000 -5.728993565772
8.035000000000 -7.083672330328
8.040000000000 -6.099851021860
8.045000000000 -6.910694601978
8.050000000000 -5.871553996282
8.055000000000 -6.073428280436
8.060000000000 -5.501513066161
8.065000000000 -5.690092564585
8.070000000000 -5.763479779205
8.075000000000 -6.128845996336
8.080000000000 -6.398191247083
8.085000000000 -7.297823672197
8.090000000000 -5.842937257785
8.095000000000 -5.712676422607
8.100000000000 -5.702396861421
8.105000000000 -4.942806416108
8.110000000000 -5.831324197828
8.115000000000 -5.110108536953
8.120000000000 -6.761320428613
8.125000000000 -6.583778859513
8.130000000000 -6.969858846558
8.135000000000 -5.811108131911
8.140000000000 -5.497074306893
8.145000000000 -7.024594904497
8.150000000000 -5.712004261144
8.155000000000 -7.295580100179
8.160000000000 -6.747836819378
8.165000000000 -6.103458963308
8.170000000000 -6.885231711937
8.175000000000 -6.417921081848
8.180000000000 -5.981169175405
8.185000000000 -5.652942117813
8.190000000000 -5.061602218167
8.195000000000 -6.946922898881
8.200000000000 -7.738085153240
8.205000000000 -5.819431666885
8.210000000000 -6.114439947614
8.215000000000 -4.408683132746
8.220000000000 -6.182532995250
8.225000000000 -6.190142354251
8.230000000000 -6.382973865099
8.235000000000 -6.836706514283
8.240000000000 -6.391659648037
8.245000000000 -6.816388568452
8.250000000000 -5.921320084925
8.255000000000 -6.386907029963
8.260000000000 -6.451400572348
8.265000000000 -6.962217718272
8.270000000000 -5.261847408880
8.275000000000 -5.939311611720
8.280000000000 -6.447655203122
8.285000000000 -6.466394705233
8.290000000000 -5.487353787671
8.295000000000 -5.556233872234
8.300000000000 -7.263626461736
8.305000000000 -6.379003140606
8.310000000000 -5.833682355605
8.315000000000 -6.561470478840
8.320000000000 -5.725750994113
8.325000000000 -6.353488661795
8.330000000000 -5.858650401470
8.335000000000 -5.456101265313
8.340000000000 -5.669749794081
8.345000000000 -6.432182011869
8.350000000000 -6.748385960640
8.355000000000 -6.050490499248
8.360000000000 -5.139587389380
8.365000000000 -5.800240536488
8.370000000000 -6.022131536274
8.375000000000 -6.517627428134
8.380000000000 -6.508350225246
8.385000000000 -6.659985195035
8.390000000000 -5.531732727301
8.395000000000 -6.765416108543
8.400000000000 -5.573069616394
8.405000000000 -5.881523849490
8.410000000000 -6.011424765225
8.415000000000 -5.846664058984
8.420000000000 -5.505690080285
8.425000000000 -7.250962604585
8.430000000000 -7.400691094450
8.435000000000 -5.454665031589
8.440000000000 -6.825593217348
8.445000000000 -5.947575940529
8.450000000000 -5.798243393321
8.455000000000 -5.419048417216
8.460000000000 -5.968715374367
8.465000000000 -5.240553386692
8.470000000000 -6.547032424652
8.475000000000 -5.176929845968
8.480000000000 -6.291128172476
8.485000000000 -5.124905288548
8.490000000000 -5.921519325646
8.495000000000 -6.017031832783
8.500000000000 -6.402588344582
8.505000000000 -5.899019218331
8.510000000000 -5.510578615449
8.515000000000 -6.584276978257
8.520000000000 -5.396551311747
8.525000000000 -5.800747807419
8.530000000000 -5.705110185967
8.535000000000 -6.326997743467
8.540000000000 -6.025760534966
8.545000000000 -4.916402190939
8.550000000000 -5.145370352379
8.555000000000 -5.669799318852
8.560000000000 -5.899962383138
8.565000000000 -5.786933096227
8.570000000000 -6.025627146339
8.575000000000 -5.000011797137
8.580000000000 -6.137285379882
8.585000000000 -4.210235276952
8.590000000000 -6.014113930412
8.595000000000 -6.278696851317
8.600000000000 -6.327704314319
8.605000000000 -5.368783936920
8.610000000000 -5.943725417874
8.615000000000 -5.293024786317
8.620000000000 -6.208692961933
8.625000000000 -5.656979963957
8.630000000000 -6.425667829281
8.635000000000 -5.899574249040
8.640000000000 -5.619569011118
8.645000000000 -6.095947935420
8.650000000000 -6.527341534622
8.655000000000 -5.928910431541
8.660000000000 -6.186845583672
8.665000000000 -6.095490373335
8.670000000000 -4.770656544376
8.675000000000 -6.477472022877
8.680000000000 -6.957016932685
8.685000000000 -6.050186163592
8.690000000000 -5.663390236138
8.695000000000 -5.938514478473
8.700000000000 -6.279175735500
8.705000000000 -6.847339080781
8.710000000000 -6.043009573904
8.715000000000 -4.930493511423
8.720000000000 -5.707195480245
8.725000000000 -6.005353396185
8.730000000000 -6.396544635770
8.735000000000 -6.706428325137
8.740000000000 -7.545577078564
8.745000000000 -5.263421983456
8.750000000000 -5.345599014513
8.755000000000 -4.919639851376
8.760000000000 -6.450043721478
8.765000000000 -5.974594651092
8.770000000000 -6.168332914003
8.775000000000 -5.939168067244
8.780000000000 -5.317454314912
8.785000000000 -6.636841140234
8.790000000000 -5.924949364031
8.795000000000 -6.136915047208
8.800000000000 -5.959387386893
8.805000000000 -8.088905922907
8.810000000000 -5.370729489086
8.815000000000 -6.544382044206
8.820000000000 -6.496624948586
8.825000000000 -6.766394533115
8.830000000000 -6.619618324783
8.835000000000 -5.540849128776
8.840000000000 -6.870866807027
8.845000000000 -6.616173570600
8.850000000000 -6.842710070981
8.855000000000 -5.754714176184
8.860000000000 -5.288869713929
8.865000000000 -5.162845524137
8.870000000000 -6.309429883722
8.875000000000 -5.729357699484
8.880000000000 -5.971304905200
8.885000000000 -6.027908428859
8.890000000000 -6.602989104589
8.895000000000 -6.154215761504
8.900000000000 -6.448542662747
8.905000000000 -6.318756577108
8.910000000000 -5.249034308372
8.915000000000 -4.817703866641
8.920000000000 -4.797214064940
8.925000000000 -4.670904214562
8.930000000000 -5.226684011148
8.935000000000 -6.061103294675
8.940000000000 -6.958010644544
8.945000000000 -5.523020903288
8.950000000000 -5.251890995521
8.955000000000 -6.360889531645
8.960000000000 -5.925612581370
8.965000000000 -5.680092978916
8.970000000000 -6.078637163760
8.975000000000 -6.198832913825
8.980000000000 -5.046841171260
8.985000000000 -6.006741207450
8.990000000000 -5.046534165123
8.995000000000 -6.025525556930
9.000000000000 -6.792718731701
9.005000000000 -5.948710986653
9.010000000000 -6.480198137829
9.015000000000 -5.861179825931
9.020000000000 -5.023237310006
9.025000000000 -6.482218831787
9.030000000000 -6.681012045653
9.035000000000 -6.612369866212
9.040000000000 -5.445581109239
9.045000000000 -6.260715096979
9.050000000000 -6.123124199352
9.055000000000 -6.398965596151
9.060000000000 -5.814618404790
9.065000000000 -5.683967900908
9.070000000000 -6.006698139609
9.075000000000 -5.898569498994
9.080000000000 -5.228334129059
9.085000000000 -5.146257891864
9.090000000000 -6.227596303416
9.095000000000 -6.471933956430
9.100000000000 -6.214108496904
9.105000000000 -5.388746792625
9.110000000000 -5.443500716913
9.115000000000 -4.565485371679
9.120000000000 -7.457597826224
9.125000000000 -6.004324576882
9.130000000000 -6.147251188706
9.135000000000 -6.795150910545
9.140000000000 -4.620878213620
9.145000000000 -6.580226897516
9.150000000000 -6.680056743259
9.155000000000 -5.993791003709
9.160000000000 -6.197767175704
9.165000000000 -5.635438451022
9.170000000000 -5.881076136428
9.175000000000 -6.499590567223
9.180000000000 -6.360585576868
9.185000000000 -4.863219561693
9.190000000000 -5.847849734682
9.195000000000 -5.772575651646
9.200000000000 -7.128784949440
9.205000000000 -5.758032095642
9.210000000000 -5.879399847729
9.215000000000 -4.424039719795
9.220000000000 -5.514492721620
9.225000000000 -6.824550817088
9.230000000000 -6.471540742490
9.235000000000 -6.510598195334
9.240000000000 -6.511262967686
9.245000000000 -6.478775141126
9.250000000000 -5.598223385926
9.255000000000 -6.487710237126
9.260000000000 -4.765119154822
9.265000000000 -5.437462876822
9.270000000000 -6.258415587234
9.275000000000 -6.214902362196
9.280000000000 -5.936518439401
9.285000000000 -5.903324630445
9.290000000000 -6.914216799873
9.295000000000 -5.331440587755
9.300000000000 -6.798846554005
9.305000000000 -5.417928644605
9.310000000000 -4.823810604700
9.315000000000 -5.504518664169
9.320000000000 -5.846681388407
9.325000000000 -6.466891068624
9.330000000000 -6.417215072138
9.335000000000 -4.568242967473
9.340000000000 -5.337968132235
9.345000000000 -6.380886280682
9.350000000000 -7.329848224375
9.355000000000 -5.485254607047
9.360000000000 -6.650998126156
9.365000000000 -7.623841584882
9.370000000000 -5.632449440903
9.375000000000 -5.876128918210
9.380000000000 -5.907664172023
9.385000000000 -5.960289338099
9.390000000000 -6.284546988929
9.395000000000 -5.679187324175
9.400000000000 -5.700153036210
9.405000000000 -5.811222554426
9.410000000000 -6.365818578950
9.415000000000 -7.925492885545
9.420000000000 -6.065567198706
9.425000000000 -5.192069095865
9.430000000000 -6.151523867917
9.435000000000 -5.906543109378
9.440000000000 -6.177634658318
9.445000000000 -7.308073242739
9.450000000000 -6.685794426142
9.455000000000 -6.353215713793
9.460000000000 -5.374911192501
9.465000000000 -5.759417383246
9.470000000000 -6.539954999682
9.475000000000 -5.398595293016
9.480000000000 -6.554132696190
9.485000000000 -5.648271282079
9.490000000000 -6.371108450633
9.495000000000 -5.790386808042
9.500000000000 -5.501390487752
9.505000000000 -5.976358215833
9.510000000000 -6.548299438154
9.515000000000 -5.704148899527
9.520000000000 -6.218558366118
9.525000000000 -6.156434699103
9.530000000000 -5.736299211820
9.535000000000 -5.863185102931
9.540000000000 -5.108293054704
9.545000000000 -5.969021855500
9.550000000000 -6.470964885503
9.555000000000 -6.088984049394
9.560000000000 -5.119596133866
9.565000000000 -6.025052248617
9.570000000000 -5.926718819253
9.575000000000 -6.363817502382
9.580000000000 -6.401929243233
9.585000000000 -5.750552409749
9.590000000000 -6.389876384747
9.595000000000 -6.969272870477
9.600000000000 -6.218395144903
9.605000000000 -6.541610125403
9.610000000000 -5.962805934477
9.615000000000 -6.108081824840
9.620000000000 -5.725063338981
9.625000000000 -5.264640797533
9.630000000000 -7.216825202433
9.635000000000 -6.925876441304
9.640000000000 -6.143727435602
9.645000000000 -6.512413816116
9.650000000000 -6.471512690491
9.655000000000 -6.171475726804
9.660000000000 -5.862382612677
9.665000000000 -6.197396020370
9.670000000000 -5.312656533175
9.675000000000 -6.878777822066
9.680000000000 -5.872133864098
9.685000000000 -7.008850030986
9.690000000000 -6.657221979229
9.695000000000 -7.462753500353
9.700000000000 -5.056421256223
9.705000000000 -5.550730045453
9.710000000000 -6.909268998504
9.715000000000 -6.026404856292
9.720000000000 -5.676042574419
9.725000000000 -5.883996504737
9.730000000000 -5.816319934749
9.735000000000 -5.836789731373
9.740000000000 -6.208427131681
9.745000000000 -6.057548073609
9.750000000000 -5.574281553956
9.755000000000 -6.392021412818
9.760000000000 -5.001674195798
9.765000000000 -6.439851228109
9.770000000000 -5.981419933279
9.775000000000 -6.971060829236
9.780000000000 -6.620380228258
9.785000000000 -5.678623851675
9.790000000000 -5.860204589345
9.795000000000 -6.225130959683
9.800000000000 -7.111480091147
9.805000000000 -6.333629268874
9.810000000000 -6.703425210136
9.815000000000 -6.675601660039
9.820000000000 -5.791083662238
9.825000000000 -6.302088086868
9.830000000000 -6.268283937376
9.835000000000 -6.879171699147
9.840000000000 -5.462507442574
9.845000000000 -5.052281770714
9.850000000000 -4.565378327640
9.855000000000 -6.524830690551
9.860000000000 -6.543803707365
9.865000000000 -6.349679520977
9.870000000000 -5.698863110525
9.875000000000 -6.160048373127
9.880000000000 -6.274020146314
9.885000000000 -6.640307408737
9.890000000000 -5.681498061620
9.895000000000 -6.633368666278
9.900000000000 -6.620742294714
9.905000000000 -5.624590211915
9.910000000000 -6.656853523502
9.915000000000 -6.808026301072
9.920000000000 -6.424908069385
9.925000000000 -6.156582016497
9.930000000000 -5.540452718325
9.935000000000 -5.134612061818
9.940000000000 -6.428451090685
9.945000000000 -5.094618630260
9.950000000000 -5.584130870016
9.955000000000 -6.321793595679
9.960000000000 -6.163858169806
9.965000000000 -6.164958828601
9.970000000000 -5.440999924836
9.975000000000 -6.352154258092
9.980000000000 -5.228957303399
9.985000000000 -5.354560766204
9.990000000000 -6.246735813864
9.995000000000 -5.964546036670
10.000000000000 -6.282536863744
10.005000000000 -7.057055492744
10.010000000000 -5.826366759754
10.015000000000 -4.075285876236
10.020000000000 -5.958471747022
10.025000000000 -5.931884769321
10.030000000000 -6.840390168812
10.035000000000 -6.521864917164
10.040000000000 -7.113304234532
10.045000000000 -5.711302140230
10.050000000000 -5.719262273463
10.055000000000 -5.110026685735
10.060000000000 -5.797517452459
10.065000000000 -5.439847004729
10.070000000000 -6.522365278975
10.075000000000 -5.991249124440
10.080000000000 -6.075889629594
10.085000000000 -4.574321245943
10.090000000000 -5.767428175994
10.095000000000 -6.483749098177
10.100000000000 -5.841991689292
10.105000000000 -5.500624471256
10.110000000000 -6.155827603485
10.115000000000 -5.276737921850
10.120000000000 -5.706927071691
10.125000000000 -6.757512677640
10.130000000000 -5.407896570212
10.135000000000 -5.156290588325
10.140000000000 -6.360708050910
10.145000000000 -5.463016059583
10.150000000000 -5.609323109214
10.155000000000 -5.437981789665
10.160000000000 -5.539580013938
10.165000000000 -5.379387391053
10.170000000000 -6.861344747140
10.175000000000 -5.798923111333
10.180000000000 -4.999196817053
10.185000000000 -6.520094357200
10.190000000000 -6.533550650613
10.195000000000 -5.520855002522
10.200000000000 -5.223596073459
10.205000000000 -6.657756454423
10.210000000000 -6.226696887950
10.215000000000 -5.629363996905
10.220000000000 -6.708790593349
10.225000000000 -6.623042555430
10.230000000000 -5.957563187878
10.235000000000 -6.240143120682
10.240000000000 -6.132560095417
10.245000000000 -5.703220496287
10.250000000000 -6.418776024454
10.255000000000 -5.939226083746
10.260000000000 -6.196198822156
10.265000000000 -6.516883926360
10.270000000000 -6.344489175651
10.275000000000 -6.929732874037
10.280000000000 -6.769656221694
10.285000000000 -5.360558584818
10.290000000000 -6.178326629124
10.295000000000 -5.360928978619
10.300000000000 -5.678694020157
10.305000000000 -6.878412176756
10.310000000000 -5.784438127948
10.315000000000 -5.405474350989
10.320000000000 -6.909178412024
10.325000000000 -6.817032744224
10.330000000000 -6.285832612516
10.335000000000 -5.722614402671
10.340000000000 -5.795925812049
10.345000000000 -6.198567041617
10.350000000000 -5.325907871835
10.355000000000 -5.801598607502
10.360000000000 -5.529144423518
10.365000000000 -6.380625111772
10.370000000000 -5.316470402370
10.375000000000 -6.866588488216
10.380000000000 -6.342361066363
10.385000000000 -5.425031876904
10.390000000000 -5.080725275829
10.395000000000 -5.030257025396
10.400000000000 -6.287301331435
10.405000000000 -6.534597547862
10.410000000000 -5.696779351849
10.415000000000 -6.737736957137
10.420000000000 -6.134644768919
10.425000000000 -6.744982660802
10.430000000000 -7.119945956129
10.435000000000 -6.356203389788
10.440000000000 -6.271923105696
10.445000000000 -4.561999525113
10.450000000000 -5.592821573657
10.455000000000 -5.768244548463
10.460000000000 -5.861561402368
10.465000000000 -5.506603450463
10.470000000000 -6.419582048138
10.475000000000 -6.451793599500
10.480000000000 -6.549804111289
10.485000000000 -5.742194973378
10.490000000000 -6.086982343547
10.495000000000 -6.002761200587
10.500000000000 -6.619954671030
10.505000000000 -5.008562054745
10.510000000000 -6.263260558827
10.515000000000 -6.385980561265
10.520000000000 -6.919746033833
10.525000000000 -5.817473453498
10.530000000000 -4.955226433811
10.535000000000 -5.333506199650
10.540000000000 -6.229435040517
10.545000000000 -6.748805223023
10.550000000000 -6.024404327123
10.555000000000 -6.445788012107
10.560000000000 -5.106587266386
10.565000000000 -6.489062403107
10.570000000000 -4.069275213572
10.575000000000 -5.771652948313
10.580000000000 -6.558740167924
10.585000000000 -6.275974089705
10.590000000000 -5.634473931207
10.595000000000 -6.127975449223
10.600000000000 -5.833503400965
10.605000000000 -5.567333579602
10.610000000000 -6.049171170060
10.615000000000 -5.944498638807
10.620000000000 -5.046007050470
10.625000000000 -5.889756665533
10.630000000000 -6.450432133648
10.635000000000 -5.989710265715
10.640000000000 -6.665808576033
10.645000000000 -6.839479363903
10.650000000000 -7.096872401748
10.655000000000 -5.901758437567
10.660000000000 -7.033556288576
10.665000000000 -6.187402458622
10.670000000000 -5.647925683499
10.675000000000 -5.869398267729
10.680000000000 -6.075926631717
10.685000000000 -5.717024483648
10.690000000000 -5.193974015950
10.695000000000 -5.898652392608
10.700000000000 -4.872620204056
10.705000000000 -5.874259330290
10.710000000000 -5.921050230159
10.715000000000 -6.655649218608
10.720000000000 -6.973375427418
10.725000000000 -5.990691348552
10.730000000000 -5.402030977349
10.735000000000 -6.409296911802
10.740000000000 -6.416091768050
10.745000000000 -6.825645339533
10.750000000000 -6.509489438575
10.755000000000 -6.762643215276
10.760000000000 -5.724207216699
10.765000000000 -7.032680861005
10.770000000000 -6.025511706842
10.775000000000 -6.698806705156
10.780000000000 -4.619097379881
10.785000000000 -5.153326713881
10.790000000000 -5.750290963792
10.795000000000 -6.512277444942
10.800000000000 -7.071936483317
10.805000000000 -5.318037211935
10.810000000000 -4.884487451539
10.815000000000 -5.569884744680
10.820000000000 -6.056754009966
10.825000000000 -6.272365368401
10.830000000000 -6.125292205287
10.835000000000 -6.241718011614
10.840000000000 -6.120181223397
10.845000000000 -5.528009446076
10.850000000000 -6.042147916868
10.855000000000 -6.499309700432
10.860000000000 -5.687068830878
10.865000000000 -6.111577904208
10.870000000000 -5.841261581562
10.875000000000 -6.291718233116
10.880000000000 -6.098781913960
10.885000000000 -6.705071361127
10.890000000000 -6.353246763704
10.895000000000 -6.307026596535
10.900000000000 -5.399110035779
10.905000000000 -5.660002413214
10.910000000000 -6.482033237609
10.915000000000 -5.490338498241
10.920000000000 -6.373288504633
10.925000000000 -6.055374339031
10.930000000000 -4.411250198880
10.935000000000 -6.440714832330
10.940000000000 -5.841709132484
10.945000000000 -6.237292252101
10.950000000000 -5.574420531887
10.955000000000 -5.817199806929
10.960000000000 -5.055041188919
10.965000000000 -6.032397441267
10.970000000000 -6.465996469583
10.975000000000 -6.670644321096
10.980000000000 -6.489368146199
10.985000000000 -5.427354917814
10.990000000000 -6.925160400975
10.995000000000 -6.592123469839
11.000000000000 -5.788796151310
11.005000000000 -6.036121775406
11.010000000000 -5.184680988211
11.015000000000 -5.432092890268
11.020000000000 -6.124218054095
11.025000000000 -5.174236083308
11.030000000000 -6.181483356812
11.035000000000 -6.638631647194
11.040000000000 -6.200757422774
11.045000000000 -5.050893741597
11.050000000000 -5.623560777708
11.055000000000 -5.102961160290
11.060000000000 -6.130177665006
11.065000000000 -4.954981193905
11.070000000000 -4.765010923471
11.075000000000 -5.382716134186
11.080000000000 -5.751050561528
11.085000000000 -5.379353855653
11.090000000000 -7.891753999447
11.095000000000 -6.565169437932
11.100000000000 -6.062803238685
11.105000000000 -6.370615604850
11.110000000000 -7.842949731873
11.115000000000 -6.761313201471
11.120000000000 -6.575009613793
11.125000000000 -7.107247000514
11.130000000000 -6.999741945619
11.135000000000 -6.472601536080
11.140000000000 -5.233864694722
11.145000000000 -5.436494028577
11.150000000000 -5.155317874636
11.155000000000 -5.931311084979
11.160000000000 -4.826257352410
11.165000000000 -5.344708080178
11.170000000000 -6.379756727758
11.175000000000 -7.034319865311
11.180000000000 -5.353700215266
11.185000000000 -6.425265433232
11.190000000000 -5.637478024033
11.195000000000 -3.908498970356
11.200000000000 -4.941514251360
11.205000000000 -5.591074972809
11.210000000000 -5.419541191665
11.215000000000 -5.792803612093
11.220000000000 -6.216802344606
11.225000000000 -6.360475285990
11.230000000000 -6.044166768361
11.235000000000 -5.841181946805
11.240000000000 -5.473035053253
11.245000000000 -5.723578300486
11.250000000000 -6.404677004019
11.255000000000 -5.640305072596
11.260000000000 -6.824399503851
11.265000000000 -5.692605487240
11.270000000000 -5.464467440396
11.275000000000 -5.866235513899
11.280000000000 -6.059474975945
11.285000000000 -6.161958438658
11.290000000000 -5.587205692339
11.295000000000 -5.557381919294
11.300000000000 -6.663023117007
11.305000000000 -5.444639935742
11.310000000000 -5.238553337813
11.315000000000 -6.208538195646
11.320000000000 -5.698702925220
11.325000000000 -6.848749340502
11.330000000000 -5.185418416590
11.335000000000 -5.093488571426
11.340000000000 -6.821008702737
11.345000000000 -4.892403802434
11.350000000000 -6.136332443875
11.355000000000 -6.050127037830
11.360000000000 -6.651857173882
11.365000000000 -5.468019747877
11.370000000000 -5.533878387241
11.375000000000 -5.765620640736
11.380000000000 -6.594105184008
11.385000000000 -6.176858610488
11.390000000000 -5.203639835034
11.395000000000 -5.594380054271
11.400000000000 -4.781053641110
11.405000000000 -6.203531645542
11.410000000000 -5.703354193929
11.415000000000 -5.316320335175
11.420000000000 -6.034751154508
11.425000000000 -5.951186022803
11.430000000000 -5.732480943484
11.435000000000 -6.265373842402
11.440000000000 -6.680521730009
11.445000000000 -5.691660761398
11.450000000000 -5.438249976182
11.455000000000 -6.498349344461
11.460000000000 -4.995501385846
11.465000000000 -5.678659761248
11.470000000000 -5.763243068142
11.475000000000 -6.666727687052
11.480000000000 -5.633565138336
11.485000000000 -6.227600503856
11.490000000000 -5.594000779597
11.495000000000 -6.606151958061
11.500000000000 -6.207010808347
11.505000000000 -5.392724416205
11.510000000000 -5.170810860345
11.515000000000 -5.272401804016
11.520000000000 -5.960779183893
11.525000000000 -6.935941703482
11.530000000000 -6.778022989236
11.535000000000 -5.597943636139
11.540000000000 -5.480695210244
11.545000000000 -5.126817569271
11.550000000000 -4.970933672048
11.555000000000 -6.149391059099
11.560000000000 -6.203381543636
11.565000000000 -5.990183469562
11.570000000000 -7.088406311571
11.575000000000 -5.553913247352
11.580000000000 -6.249859018452
11.585000000000 -5.862261853187
11.590000000000 -4.950405647378
11.595000000000 -6.043323477326
11.600000000000 -6.010292207221
11.605000000000 -5.529912358801
11.610000000000 -5.841694044766
11.615000000000 -5.118326860341
11.620000000000 -5.636832220852
11.625000000000 -6.064225919086
11.630000000000 -6.093571354454
11.635000000000 -6.010725258096
11.640000000000 -6.428369716381
11.645000000000 -6.926248415842
11.650000000000 -5.297368536268
11.655000000000 -5.405266030824
11.660000000000 -6.370513639229
11.665000000000 -5.525388435969
11.670000000000 -6.246056390277
11.675000000000 -6.928257972256
11.680000000000 -6.480557193948
11.685000000000 -5.644594607154
11.690000000000 -6.217736197156
11.695000000000 -5.600216621838
11.700000000000 -6.909066427750
11.705000000000 -6.417040889755
11.710000000000 -7.379138424814
11.715000000000 -5.851397085505
11.720000000000 -6.820280013717
11.725000000000 -6.801908668533
11.730000000000 -5.625466462326
11.735000000000 -5.493331182354
11.740000000000 -6.787540478560
11.745000000000 -6.882755320871
11.750000000000 -6.335951982139
11.755000000000 -5.140990000661
11.760000000000 -5.753970156691
11.765000000000 -6.673217290015
11.770000000000 -6.272175103109
11.775000000000 -5.840153934022
11.780000000000 -5.961428080726
11.785000000000 -5.910669710371
11.790000000000 -5.682727496890
11.795000000000 -6.010878053460
11.800000000000 -5.961746470573
11.805000000000 -5.147839256133
11.810000000000 -4.962340809174
11.815000000000 -5.971681114534
11.820000000000 -6.716540418623
11.825000000000 -5.846774818016
11.830000000000 -6.168879180207
11.835000000000 -5.973842365802
11.840000000000 -6.266031163352
11.845000000000 -5.411886287627
11.850000000000 -6.425556504474
11.855000000000 -5.407802123077
11.860000000000 -6.025659115423
11.865000000000 -6.336085005527
11.870000000000 -5.381453289222
11.875000000000 -6.231271335788
11.880000000000 -5.830267319235
11.885000000000 -6.575488122974
11.890000000000 -5.279945789535
11.895000000000 -5.816493404448
11.900000000000 -5.773092288922
11.905000000000 -6.074957844742
11.910000000000 -5.890713913018
11.915000000000 -5.659320863131
11.920000000000 -7.340163057993
11.925000000000 -5.779687239736
11.930000000000 -6.285603679512
11.935000000000 -5.153848270115
11.940000000000 -6.495464646700
11.945000000000 -5.732357896819
11.950000000000 -6.228236219305
11.955000000000 -5.963687594482
11.960000000000 -7.260634583686
11.965000000000 -5.791605407950
11.970000000000 -4.942875196473
11.975000000000 -6.638681563128
11.980000000000 -6.875080417614
11.985000000000 -5.221885396809
11.990000000000 -6.033362964874
11.995000000000 -6.456440803167
12.000000000000 -5.798615500210
12.005000000000 -5.651675658690
12.010000000000 -5.845899959338
12.015000000000 -6.064714638006
12.020000000000 -5.392810425023
12.025000000000 -6.759049950546
12.030000000000 -6.032697689841
12.035000000000 -6.129544294314
12.040000000000 -6.563323174601
12.045000000000 -4.688896505452
12.050000000000 -6.862302265056
12.055000000000 -6.593622058392
12.060000000000 -4.405714121154
12.065000000000 -5.391364560253
12.070000000000 -5.827760050296
12.075000000000 -6.007846417277
12.080000000000 -5.665923058662
12.085000000000 -6.708370107937
12.090000000000 -5.815447358016
12.095000000000 -6.306243581492
12.100000000000 -5.323460012960
12.105000000000 -6.269066394524
12.110000000000 -5.920085204567
12.115000000000 -6.353158014919
12.120000000000 -5.709949661298
12.125000000000 -5.527870571262
12.130000000000 -7.492011774589
12.135000000000 -5.907146939778
12.140000000000 -5.519779321123
12.145000000000 -4.934777759785
12.150000000000 -5.667287523385
12.155000000001 -5.766606802045
12.160000000001 -5.497364793952
12.165000000001 -6.428041459791
12.170000000001 -6.700022196538
12.175000000001 -5.433909089841
12.180000000001 -5.606917256165
12.185000000001 -5.933329081600
12.190000000001 -5.054644693067
12.195000000001 -6.620521115066
12.200000000001 -6.403699655260
12.205000000001 -5.754223140791
12.210000000001 -6.195998493806
12.215000000001 -7.193869586659
12.220000000001 -5.706451571503
12.225000000001 -7.097829857604
12.230000000001 -5.722158021313
12.235000000001 -6.407936893249
12.240000000001 -5.856464864362
12.245000000001 -5.762605810383
12.250000000001 -5.300039465605
12.255000000001 -5.273817323161
12.260000000001 -6.302182094697
12.265000000001 -6.438330223805
12.270000000001 -5.884854850869
12.275000000001 -6.020871627937
12.280000000001 -6.111640264751
12.285000000001 -6.646611050295
12.290000000001 -6.250790041335
12.295000000001 -7.138787210264
12.300000000001 -5.642104776262
12.305000000001 -5.724042124866
12.310000000001 -5.306948965724
12.315000000001 -5.846065165652
12.320000000001 -5.984515101862
12.325000000001 -4.899596446339
12.330000000001 -6.319802493249
12.335000000001 -6.498593823997
12.340000000001 -5.503258780351
12.345000000001 -6.614372796525
12.350000000001 -5.811219276780
12.355000000001 -6.408623830840
12.360000000001 -6.809996499537
12.365000000001 -6.096485940867
12.370000000001 -6.880831418870
12.375000000001 -5.862728414900
12.380000000001 -4.824531059713
12.385000000001 -7.410222194822
12.390000000001 -6.308071322386
12.395000000001 -4.952128725316
12.400000000001 -5.556596525380
12.405000000001 -6.470528891653
12.410000000001 -5.763927889662
12.415000000001 -5.044746382986
12.420000000001 -7.039352186354
12.425000000001 -5.332119398864
12.430000000001 -6.264920364684
12.435000000001 -5.987311733796
12.440000000001 -6.648516103958
12.445000000001 -7.097510631691
12.450000000001 -6.175198259217
12.455000000001 -5.992057450739
12.460000000001 -6.773355715188
12.465000000001 -5.944217013611
12.470000000001 -5.663743904542
12.475000000001 -5.039094551622
12.480000000001 -5.600777630256
12.485000000001 -5.321570504020
12.490000000001 -6.369526086019
12.495000000001 -5.755915228412
12.500000000001 -5.449197572857
12.505000000001 -7.318332576943
12.510000000001 -5.129716988967
12.515000000001 -6.824139241515
12.520000000001 -7.397961724458
12.525000000001 -6.048653455271
12.530000000001 -6.108653663956
12.535000000001 -5.952287628418
12.540000000001 -5.804664562054
12.545000000001 -5.561234705403
12.550000000001 -6.434322120805
12.555000000001 -5.729078968498
12.560000000001 -6.201960816347
12.565000000001 -5.472388479170
12.570000000001 -5.855127915902
12.575000000001 -7.529601380714
12.580000000001 -4.753883119060
12.585000000001 -6.474470102570
12.590000000001 -6.731663601059
12.595000000001 -6.354836783702
12.600000000001 -6.127835125849
12.605000000001 -5.326058254441
12.610000000001 -6.793130646458
12.615000000001 -4.596344741872
12.620000000001 -6.382594150345
12.625000000001 -5.279031298446
12.630000000001 -6.588949187157
12.635000000001 -5.823444872205
12.640000000001 -5.869682423430
12.645000000001 -5.646781249766
12.650000000001 -5.339353647297
12.655000000001 -6.712767164408
12.660000000001 -5.191873574142
12.665000000001 -4.839709289395
12.670000000001 -6.007348842540
12.675000000001 -5.201406865634
12.680000000001 -5.734478456370
12.685000000001 -5.743081708679
12.690000000001 -5.792228379550
12.695000000001 -6.272763544314
12.700000000001 -6.217730781989
12.705000000001 -5.564968071284
12.710000000001 -6.095531339914
12.715000000001 -6.652425811389
12.720000000001 -6.409587355757
12.725000000001 -6.438111147878
12.730000000001 -6.279718375916
12.735000000001 -6.331308698249
12.740000000001 -6.337014531186
12.745000000001 -5.378795467240
12.750000000001 -6.838918552223
12.755000000001 -4.923717476001
12.760000000001 -5.459856272060
12.765000000001 -6.362241434399
12.770000000001 -5.889395588179
12.775000000001 -6.047560291335
12.780000000001 -7.555282794885
12.785000000001 -5.561031941576
12.790000000001 -6.060469932535
12.795000000001 -6.759843829956
12.800000000001 -5.419280028723
12.805000000001 -7.019394671878
12.810000000001 -6.641293227736
12.815000000001 -6.168215146301
12.820000000001 -6.272523136445
12.825000000001 -6.076207818447
12.830000000001 -6.005931697813
12.835000000001 -6.297638615222
12.840000000001 -6.036051175851
12.845000000001 -5.586893246151
12.850000000001 -5.686389356644
12.855000000001 -5.737181450989
12.860000000001 -5.440473454702
12.865000000001 -5.548911343087
12.870000000001 -5.534662542812
12.875000000001 -6.770785252436
12.880000000001 -6.070269527043
12.885000000001 -6.299154770814
12.890000000001 -6.193872513295
12.895000000001 -5.945778909150
12.900000000001 -5.424058890085
12.905000000001 -6.573174757042
12.910000000001 -5.073606548681
12.915000000001 -7.002291599438
12.920000000001 -6.215026579446
12.925000000001 -6.424396503715
12.930000000001 -6.500937990199
12.935000000001 -5.948787301933
12.940000000001 -5.664956331581
12.945000000001 -6.419862774236
12.950000000001 -5.626085238380
12.955000000001 -5.865691241849
12.960000000001 -6.446219488239
12.965000000001 -6.515798856429
12.970000000001 -5.176007634457
12.975000000001 -6.103522694176
12.980000000001 -5.833086674345
12.985000000001 -6.920067827003
12.990000000001 -7.233900896142
12.995000000001 -6.193513952372
13.000000000001 -6.972320842274
13.005000000001 -6.250689220760
13.010000000001 -6.892957198762
13.015000000001 -6.567225556650
13.020000000001 -5.921274941066
13.025000000001 -5.491196251360
13.030000000001 -5.740456407520
13.035000000001 -6.014666101691
13.040000000001 -6.920814559832
13.045000000001 -5.144405483059
13.050000000001 -6.235746397734
13.055000000001 -5.609543112102
13.060000000001 -5.647773185432
13.065000000001 -6.047848616914
13.070000000001 -5.794976124930
13.075000000001 -5.926194084284
13.080000000001 -5.567079477203
13.085000000001 -5.696268070874
13.090000000001 -6.186686529603
13.095000000001 -6.266910400672
13.100000000001 -5.458748927501
13.105000000001 -5.975127813341
13.110000000001 -6.146398002777
13.115000000001 -6.306622075548
13.120000000001 -6.292299543848
13.125000000001 -5.906001440262
13.130000000001 -5.683595044762
13.135000000001 -5.568626718188
13.140000000001 -6.783859687216
13.145000000001 -5.939722757581
13.150000000001 -6.553453273232
13.155000000001 -5.413935061646
13.160000000001 -5.498873085311
13.165000000001 -5.600914521816
13.170000000001 -6.295152780615
13.175000000001 -6.362967818015
13.180000000001 -6.103393112715
13.185000000001 -6.304485110684
13.190000000001 -5.972141750138
13.195000000001 -6.200967681081
13.200000000001 -5.982819491198
13.205000000001 -5.414966217881
13.210000000001 -6.175107312194
13.215000000001 -6.268964534515
13.220000000001 -5.909638870520
13.225000000001 -6.568018983517
13.230000000001 -6.048867578456
13.235000000001 -5.622024860969
13.240000000001 -6.387671646744
13.245000000001 -6.522432259687
13.250000000001 -6.570611082775
13.255000000001 -5.662839947629
13.260000000001 -6.766159308510
13.265000000001 -6.645331137008
13.270000000001 -6.186869225129
13.275000000001 -5.860126212849
13.280000000001 -4.981613664237
13.285000000001 -5.693273987223
13.290000000001 -4.561762238440
13.295000000001 -5.836522689772
13.300000000001 -6.931379474306
13.305000000001 -5.999909895915
13.310000000001 -6.539490970565
13.315000000001 -4.848694174014
13.320000000001 -6.565119586714
13.325000000001 -5.572373636488
13.330000000001 -6.800001012051
13.335000000001 -6.524372034361
13.340000000001 -5.205288736463
13.345000000001 -6.096392933949
13.350000000001 -6.265900847780
13.355000000001 -5.789227977006
13.360000000001 -5.693207737309
13.365000000001 -5.548373536638
13.370000000001 -5.056034340483
13.375000000001 -6.170915418028
13.380000000001 -7.444652579517
13.385000000001 -6.585266901561
13.390000000001 -6.908600334041
13.395000000001 -5.024552356013
13.400000000001 -5.919299225723
13.405000000001 -5.866119597392
13.410000000001 -5.974736326073
13.415000000001 -5.461660524244
13.420000000001 -5.694098034402
13.425000000001 -6.789029657327
13.430000000001 -6.199003246003
13.435000000001 -5.099869091517
13.440000000001 -6.275438474933
13.445000000001 -5.592887421637
13.450000000001 -6.678896535730
13.455000000001 -6.669541178884
13.460000000001 -5.153127563102
13.465000000001 -5.926617291695
13.470000000001 -6.140118787461
13.475000000001 -6.500182742594
13.480000000001 -7.379906951157
13.485000000001 -6.210221572661
13.490000000001 -6.350738095766
13.495000000001 -5.721545343544
13.500000000001 -5.899863364493
13.505000000001 -6.902930540293
13.510000000001 -6.540800514321
13.515000000001 -6.576212672950
13.520000000001 -5.237195980173
13.525000000001 -5.058064979666
13.530000000001 -5.052862892329
13.535000000001 -5.220779655881
13.540000000001 -6.764831912808
13.545000000001 -5.754225753969
13.550000000001 -6.422060407939
13.555000000001 -6.349829417631
13.560000000001 -6.425201667982
13.565000000001 -5.809633643486
13.570000000001 -5.986872171132
13.575000000001 -5.007977915958
13.580000000001 -6.231063991379
13.585000000001 -5.397140097469
13.590000000001 -5.869261769971
13.595000000001 -6.280715179947
13.600000000001 -5.145192697223
13.605000000001 -6.821612973137
13.610000000001 -7.200521694211
13.615000000001 -5.824311790272
13.620000000001 -5.925613573966
13.625000000001 -6.591017659077
13.630000000001 -6.106191589901
13.635000000001 -5.677464280459
13.640000000001 -4.866931795855
13.645000000001 -6.487009578757
13.650000000001 -6.910990574481
13.655000000001 -6.203900843004
13.660000000001 -5.875797275870
13.665000000001 -6.830178752585
13.670000000001 -6.484563016450
13.675000000001 -6.267667568106
13.680000000001 -6.265753759433
13.685000000001 -5.316406762297
13.690000000001 -6.007262949300
13.695000000001 -6.176944775345
13.700000000001 -5.527409650980
13.705000000001 -7.200339849363
13.710000000001 -5.895763010145
13.715000000001 -6.093021790275
13.720000000001 -5.992276578344
13.725000000001 -6.911838409121
13.730000000001 -5.311820441816
13.735000000001 -5.705599871969
13.740000000001 -6.890444918265
13.745000000001 -6.702397336306
13.750000000001 -4.886427298081
13.755000000001 -6.211657069224
13.760000000001 -5.750476578197
13.765000000001 -5.936547024883
13.770000000001 -6.315580992893
13.775000000001 -6.041606145879
13.780000000001 -5.705914052979
13.785000000001 -5.469564066477
13.790000000001 -6.483250056811
13.795000000001 -5.429442117978
13.800000000001 -6.034502516582
13.805000000001 -6.025853850106
13.810000000001 -5.488185644829
13.815000000001 -5.363311315954
13.820000000001 -5.700140460429
13.825000000001 -6.476726362871
13.830000000001 -5.623608718921
13.835000000001 -6.624308997300
13.840000000001 -5.911123375509
13.845000000001 -6.817434059072
13.850000000001 -5.039328275600
13.855000000001 -5.587366641914
13.860000000001 -6.740020037166
13.865000000001 -5.789629221384
13.870000000001 -6.918870857113
13.875000000001 -6.053661852764
13.880000000001 -5.918467627068
13.885000000001 -7.250502505744
13.890000000001 -5.560172090950
13.895000000001 -5.733317844016
13.900000000001 -6.006076114321
13.905000000001 -7.137022558956
13.910000000001 -6.926627875028
13.915000000001 -6.175206193260
13.920000000001 -5.173783671719
13.925000000001 -5.798446517319
13.930000000001 -6.192261547344
13.935000000001 -5.582158772211
13.940000000001 -6.848864169945
13.945000000001 -6.444726076911
13.950000000001 -5.810220732598
13.955000000001 -6.288859502319
13.960000000001 -5.846976624339
13.965000000001 -5.597841582613
13.970000000001 -6.026227008165
13.975000000001 -6.158992312918
13.980000000001 -6.226058932326
13.985000000001 -5.650078746780
13.990000000001 -6.202523895193
13.995000000001 -6.492528949911
14.000000000001 -6.333447360495
14.005000000001 -6.383801457674
14.010000000001 -6.183587560028
14.015000000001 -6.707088185263
14.020000000001 -6.743757435582
14.025000000001 -6.659686080656
14.030000000001 -5.999473146122
14.035000000001 -6.152539556910
14.040000000001 -5.760148204884
14.045000000001 -5.852955919588
14.050000000001 -6.045814194136
14.055000000001 -5.971865782671
14.060000000001 -6.077492202827
14.065000000001 -6.651098904223
14.070000000001 -5.993566462475
14.075000000001 -4.714983237705
14.080000000001 -5.057159985816
14.085000000001 -6.742927119244
14.090000000001 -6.040335095546
14.095000000001 -5.742213818757
14.100000000001 -6.524066108524
14.105000000001 -6.951880332045
14.110000000001 -6.812409131058
14.115000000001 -7.459997800143
14.120000000001 -5.428999928336
14.125000000001 -5.700761952092
14.130000000001 -5.551750321121
14.135000000001 -5.173908672970
14.140000000001 -6.537990258120
14.145000000001 -6.340499551823
14.150000000001 -5.245201339153
14.155000000001 -4.691733020842
14.160000000001 -5.961324315430
14.165000000001 -6.126769429607
14.170000000001 -5.853594423412
14.175000000001 -5.629730241151
14.180000000001 -6.666246899314
14.185000000001 -5.553297748527
14.190000000001 -5.853105586611
14.195000000001 -5.602664030778
14.200000000001 -7.136573845732
14.205000000001 -5.896983572368
14.210000000001 -5.391020187445
14.215000000001 -4.611472264120
14.220000000001 -5.886902693919
14.225000000001 -6.147041976045
14.230000000001 -6.298678187492
14.235000000001 -6.592183695504
14.240000000001 -6.352368213351
14.245000000001 -6.280236297204
14.250000000001 -5.694710858086
14.255000000001 -6.158286911402
14.260000000001 -5.342706845369
14.265000000001 -5.684954875529
14.270000000001 -5.187932928215
14.275000000001 -6.292139543197
14.280000000001 -5.742920881983
14.285000000001 -5.662163504958
14.290000000001 -4.962192710039
14.295000000001 -5.058611550356
14.300000000001 -5.230041004336
14.305000000001 -6.682784339701
14.310000000001 -5.991563276405
14.315000000001 -5.762631380234
14.320000000001 -6.047274377194
14.325000000001 -6.908887630542
14.330000000001 -6.832259949495
14.335000000001 -5.774982255200
14.340000000001 -5.873942252434
14.345000000001 -6.577336960156
14.350000000001 -5.862719093550
14.355000000001 -5.608729835418
14.360000000001 -6.402111216065
14.365000000001 -6.456101587128
14.370000000001 -5.825187014559
14.375000000001 -5.345713976084
14.380000000001 -6.443975456084
14.385000000001 -6.305752396834
14.390000000001 -5.893070441447
14.395000000001 -6.196931756439
14.400000000001 -5.500802324415
14.405000000001 -6.351740002108
14.410000000001 -6.241275000756
14.415000000001 -6.595477714362
14.420000000001 -5.331801073120
14.425000000001 -5.617046609659
14.430000000001 -5.874665875680
14.435000000001 -6.238813616234
14.440000000001 -5.844555408429
14.445000000001 -5.924670300323
14.450000000001 -5.916633482753
14.455000000001 -5.567203038679
14.460000000001 -6.068723710732
14.465000000001 -5.568205810789
14.470000000001 -6.830454457133
14.475000000001 -5.918905061701
14.480000000001 -6.404982063117
14.485000000001 -4.823823545552
14.490000000001 -6.905553621764
14.495000000001 -7.067814167278
14.500000000001 -5.720544828697
14.505000000001 -6.535292604150
14.510000000001 -6.035242618040
14.515000000001 -4.784610489344
14.520000000001 -5.934011098678
14.525000000001 -5.924909062207
14.530000000001 -6.064266947135
14.535000000001 -6.081878001766
14.540000000001 -5.548988578803
14.545000000001 -6.089881296640
14.550000000001 -6.352394954619
14.555000000001 -6.371885126086
14.560000000001 -5.915684468375
14.565000000001 -5.587543923018
14.570000000001 -4.962682792454
14.575000000001 -6.113843972046
14.580000000001 -6.262969708124
14.585000000001 -6.967922924534
14.590000000001 -6.701255843809
14.595000000001 -6.164398151909
14.600000000001 -6.133985755407
14.605000000001 -6.445783416698
14.610000000001 -5.763062936912
14.615000000001 -6.372336491050
14.620000000001 -7.010390631017
14.625000000001 -6.589736566100
14.630000000001 -4.829567376374
14.635000000001 -7.034639638870
14.640000000001 -5.417503764728
14.645000000001 -5.596571355282
14.650000000001 -5.358164265783
14.655000000001 -6.401442788847
14.660000000001 -6.526588601477
14.665000000001 -7.030906285686
14.670000000001 -6.284080098847
14.675000000001 -5.419535250674
14.680000000001 -5.788077695158
14.685000000001 -7.297046649946
14.690000000001 -7.082810227875
14.695000000001 -6.422821790432
14.700000000001 -5.829791525544
14.705000000001 -6.341675460031
14.710000000001 -5.565019495933
14.715000000001 -7.044944586604
14.720000000001 -7.177037044501
14.725000000001 -6.271255287182
14.730000000001 -6.299935463077
14.735000000001 -5.928514651936
14.740000000001 -6.100712868633
14.745000000001 -6.598059309122
14.750000000001 -6.319632157069
14.755000000001 -6.862296674090
14.760000000001 -6.531066380720
14.765000000001 -4.641736453201
14.770000000001 -6.158007553004
14.775000000001 -5.428889990251
14.780000000001 -6.292677657681
14.785000000001 -6.781058227966
14.790000000001 -5.594724521952
14.795000000001 -4.694287188456
14.800000000001 -5.536478317970
14.805000000001 -6.641755219081
14.810000000001 -6.024713735835
14.815000000001 -5.095137428870
14.820000000001 -6.498171498888
14.825000000001 -5.873155410785
14.830000000001 -5.842824134361
14.835000000001 -4.730752361456
14.840000000001 -7.052140094240
14.845000000001 -6.467611452988
14.850000000001 -5.775858931561
14.855000000001 -5.588815494463
14.860000000001 -6.072968069131
14.865000000001 -4.867415238319
14.870000000001 -6.945261004378
14.875000000001 -6.596942778288
14.880000000001 -5.864376411512
14.885000000001 -6.047502678586
14.890000000001 -5.710252815526
14.895000000001 -4.950277947270
14.900000000001 -5.697495194161
14.905000000001 -5.885367587279
14.910000000001 -5.701863985524
14.915000000001 -6.278358380694
14.920000000001 -5.966973083053
14.925000000001 -5.640432195945
14.930000000001 -5.708948046840
14.935000000001 -4.374067495426
14.940000000001 -6.018478797019
14.945000000001 -6.078553426851
14.950000000001 -6.519971114266
14.955000000001 -6.489063586771
14.960000000001 -6.319025265926
14.965000000001 -5.783451539048
14.970000000001 -6.355052600859
14.975000000001 -6.497663388712
14.980000000001 -6.237406224263
14.985000000001 -5.876588917437
14.990000000001 -5.710424076933
14.995000000001 -7.615378639974
